38518 5.32943 2398 5.35688 104858 5.35709 2565 5.36571 124982 5.37803 305 5.37876 80265 5.44173 9022 5.47993 53570 5.48837 19990 5.50543 
37618 5.30804 37937 5.32471 81879 5.3334 86389 5.34614 6742 5.35306 101684 5.35587 47670 5.35713 102149 5.39935 108395 5.49539 50241 5.49893 
27569 5.3721 101870 5.39483 91666 5.39561 102749 5.40706 11549 5.41506 34120 5.42775 17890 5.4382 61300 5.46504 3640 5.51144 21180 5.52068 
109933 4.95183 130592 4.9654 127925 4.96794 85231 4.96963 91583 4.97033 18849 4.98147 92197 4.9956 13219 5.01655 133765 5.04668 128529 5.07275 
10215 4.44887 115454 4.45513 135205 4.45633 3735 4.46027 79121 4.46028 45170 4.46628 78688 4.46631 109175 4.47216 30824 4.50533 112114 4.51468 
18849 5.2922 72542 5.29914 126982 5.30159 127709 5.30583 41954 5.31161 134488 5.37231 123425 5.3775 15393 5.39919 27148 5.42947 85231 5.45624 
8203 4.8594 54257 4.873 98960 4.87512 59149 4.87555 119880 4.89329 30138 4.94121 72221 4.94145 108177 4.94444 92814 4.97026 35136 5.02977 
36412 4.97182 43095 4.97239 16659 4.97842 120233 4.97842 118508 4.99912 4003 5.02682 27719 5.03952 18483 5.04485 47963 5.15173 39506 5.15914 
105720 4.74107 59548 4.74302 93828 4.75448 85202 4.77244 116501 4.78851 74227 4.79675 57723 4.81026 109193 4.81702 33663 4.83838 1005 4.85093 
32117 4.97214 687 4.98177 92197 4.98534 95449 4.99254 104652 5.00146 13219 5.00199 37675 5.01015 127925 5.02208 130862 5.05075 133252 5.06408 
124375 3.23456 102590 3.23884 47768 3.23921 2493 3.24647 5537 3.24837 91145 3.25437 101863 3.26777 18061 3.27593 103761 3.29182 105959 3.3085 
16966 4.53868 23294 4.5527 50272 4.55457 26624 4.55694 49821 4.56237 53252 4.57336 69894 4.57804 37448 4.62567 120942 4.67281 100074 4.67666 
81015 4.43254 49327 4.45086 10535 4.46763 10899 4.468 18754 4.49598 122788 4.51072 67902 4.52778 67689 4.53343 91885 4.57699 129417 4.60508 
87024 3.94486 37433 3.94593 18401 3.95216 56108 3.97706 26150 3.98261 110007 3.98872 136446 4.01617 27439 4.03777 97814 4.05424 16004 4.21866 
70166 4.6796 78918 4.68844 46653 4.69647 61300 4.72978 57971 4.73905 111444 4.75616 305 4.76613 14860 4.7783 35136 4.81808 38394 4.91247 
112312 2.82837 99616 2.83021 59225 2.83435 4722 2.8373 19976 2.844 74945 2.85556 20900 2.87236 61300 2.87861 61803 2.88811 124070 2.92436 
110839 4.08066 36606 4.11389 7066 4.11413 50272 4.13932 77913 4.14138 131652 4.14256 111403 4.21154 34302 4.21724 85187 4.24355 88816 4.2879 
23294 4.20009 98444 4.20184 119616 4.21981 121609 4.22731 50390 4.22899 46653 4.24899 114683 4.26732 130910 4.33057 61300 4.35571 305 4.52545 
38664 3.80945 38394 3.82461 114683 3.83429 103709 3.84247 45580 3.85133 305 3.85415 21271 3.88283 111937 3.88493 2398 3.96084 61300 4.07952 
89354 5.43234 116438 5.43587 54148 5.4392 16501 5.45197 69581 5.45872 76052 5.46063 45580 5.47083 21108 5.49011 66882 5.50928 61300 5.60871 
100074 5.3355 75410 5.34082 5139 5.34136 33112 5.34581 123563 5.38108 83255 5.38205 126315 5.40087 75468 5.44198 92271 5.48217 121223 5.49061 
133252 4.56751 109933 4.56824 127925 4.60839 35731 4.60895 37448 4.66228 13444 4.66838 100074 4.67825 69894 4.69594 108228 4.76201 95449 4.77132 
105507 4.3697 25961 4.37866 46058 4.39175 49154 4.3961 91666 4.41147 111937 4.47122 2398 4.47356 103709 4.52019 61300 4.56054 305 4.68461 
16501 5.05082 91666 5.06342 105596 5.06416 30088 5.07167 858 5.10304 103709 5.12174 111937 5.13093 72491 5.172 61300 5.23332 2398 5.31611 
5554 3.05772 32354 3.05777 45147 3.06126 58017 3.06334 51868 3.06751 109726 3.07139 18222 3.07369 44524 3.08829 6542 3.08987 12344 3.0948 
30824 4.60168 38394 4.60201 2572 4.61021 103471 4.6197 109368 4.62537 57521 4.64092 119357 4.65445 126897 4.65691 27642 4.66833 37618 4.67356 
128411 5.34513 23294 5.34523 26624 5.35163 131881 5.36176 134868 5.36656 111403 5.37408 50390 5.38014 69894 5.41307 120942 5.44393 50272 5.53404 
89882 4.76722 68359 4.77419 16626 4.78299 21475 4.78641 133765 4.78664 100074 4.79483 18031 4.80816 23294 4.83779 78829 4.85266 37448 4.89555 
46653 4.65336 18884 4.67212 107721 4.6903 61517 4.7035 111403 4.77016 105959 4.7805 128411 4.81931 34302 4.87704 94975 4.89165 106533 4.89474 
23957 4.49467 54450 4.50291 83039 4.50458 64242 4.51359 111207 4.51542 60425 4.51992 83582 4.52702 67402 4.53116 39720 4.55084 82197 4.57456 
67354 4.47627 98862 4.48945 13241 4.51336 136654 4.51567 133409 4.52781 39169 4.54592 51137 4.57606 103838 4.60132 67639 4.68652 50721 4.76346 
12269 4.74165 26935 4.75983 61300 4.76605 30088 4.78224 61123 4.79227 52381 4.80698 10535 4.81997 84796 4.82375 43801 4.90046 104989 4.95924 
11061 5.44239 85718 5.44823 116391 5.48315 130341 5.49409 16449 5.49996 21227 5.51397 44916 5.51848 90208 5.5824 119642 5.58378 85907 5.62532 
69682 4.7409 33182 4.74358 114683 4.75435 104858 4.76957 19990 4.78021 114664 4.78722 61300 4.80137 29945 4.81115 80265 4.8134 7709 4.86113 
30089 4.11527 19663 4.12186 16906 4.14128 132829 4.1528 135740 4.20408 65748 4.20794 20793 4.25603 66953 4.27286 69730 4.32102 41076 4.32268 
38657 4.5054 21511 4.51356 75372 4.52397 78389 4.52752 5367 4.54652 17904 4.58324 49821 4.59347 85187 4.59769 120942 4.65589 34302 4.77777 
67622 5.11868 99924 5.11913 121672 5.14009 2398 5.18496 15535 5.21805 21811 5.23706 61300 5.23803 96479 5.2673 72491 5.3021 91666 5.40328 
30724 5.82056 1124 5.83108 112925 5.8324 305 5.84559 2398 5.85311 12817 5.85571 98444 5.87224 774 5.89633 44065 5.93945 101414 5.98797 
94974 4.81097 6258 4.81601 46058 4.81812 38923 4.85496 88586 4.85695 84060 4.87921 104656 4.88932 73529 4.92315 133147 4.99667 110088 5.08224 
89429 5.53614 76046 5.53752 121068 5.55062 46773 5.56526 93341 5.57049 25698 5.57187 130910 5.6014 133473 5.6719 105202 5.67345 132333 5.67904 
119041 4.86132 70426 4.87812 76184 4.88 114866 4.89166 70165 4.91596 61184 4.92049 128181 4.92608 82712 4.94044 116925 4.95433 80433 5.04698 
69316 4.27259 111937 4.28308 114683 4.3069 70166 4.31168 21271 4.31638 56340 4.35141 45580 4.35283 57971 4.36207 45610 4.39911 61300 4.4875 
86777 4.07521 113050 4.08122 65974 4.08139 78382 4.08213 10188 4.0893 22477 4.12604 56930 4.12683 37229 4.1364 133354 4.13702 74482 4.17728 
112046 4.76417 20101 4.79399 88103 4.81112 120830 4.8149 45966 4.82557 63431 4.87284 114488 4.96416 23149 4.97202 101753 4.99664 107848 5.10619 
54940 3.7295 3911 3.7419 57019 3.74804 8782 3.75929 32044 3.76993 29759 3.77451 50179 3.77583 79754 3.78116 80095 3.79507 22955 3.82468 
11549 5.68536 60977 5.69585 120063 5.69684 101640 5.70877 17742 5.73707 102749 5.7391 28580 5.75666 40548 5.84256 21180 5.99555 17890 6.00367 
80265 4.91618 14860 4.91695 130718 4.91821 104858 4.92054 67902 4.9231 38394 4.97193 91666 4.99511 93291 5.00264 122788 5.00649 61300 5.27944 
115236 5.26381 121740 5.2782 13219 5.27872 118371 5.29806 16626 5.29946 100074 5.31494 35731 5.33888 108228 5.36911 37448 5.36981 49444 5.4297 
23488 4.18052 20795 4.18657 96989 4.19201 132391 4.20738 38394 4.20946 112342 4.21067 89636 4.22429 117076 4.28903 125707 4.29246 56110 4.3017 
109805 2.7363 95973 2.73728 9974 2.74267 96615 2.75187 98599 2.76777 99688 2.77437 65349 2.78282 49821 2.78441 128411 2.78773 109933 2.90229 
49300 5.29702 8191 5.29722 115715 5.32713 15425 5.32874 107814 5.33338 10580 5.33682 68019 5.35016 32420 5.37927 1716 5.40932 85267 5.43407 
36732 5.45522 89882 5.45624 49895 5.45946 109991 5.46293 87849 5.46863 105202 5.49612 133473 5.50513 88601 5.51249 133765 5.55753 33964 5.6242 
50721 5.83756 62705 5.87631 116975 5.88686 106707 5.89188 28891 5.90937 86789 5.9218 46653 5.92841 7842 5.95511 95401 5.96012 305 6.15069 
96463 4.01958 90247 4.02504 126508 4.02821 104079 4.03352 71562 4.05543 77995 4.06671 133057 4.10549 56870 4.12528 21198 4.14748 115058 4.16026 
58554 5.62371 102149 5.62663 4003 5.63549 101684 5.65406 133173 5.66623 87024 5.67637 90207 5.68885 18401 5.71722 30724 5.79229 56108 5.79498 
127369 4.70604 127510 4.71636 129970 4.74358 87401 4.75747 78918 4.76315 21271 4.76686 57781 4.77346 69581 4.90414 61300 4.94716 136582 4.96492 
52053 4.81295 114297 4.86436 130068 4.87189 2398 4.89471 49568 4.93024 28787 4.9375 107908 4.95916 108842 4.98362 111937 4.99528 103709 5.06066 
100074 4.45677 103784 4.45958 69894 4.46147 40656 4.46492 110268 4.48583 45832 4.53462 36732 4.54863 37448 4.5634 33964 4.65886 133765 4.71186 
84884 5.12477 7087 5.12526 121672 5.13475 21811 5.14858 49327 5.15985 107185 5.19708 2215 5.23777 35136 5.24527 85858 5.25563 87125 5.29072 
69061 4.81748 98960 4.82126 35136 4.82967 11772 4.87659 87125 4.9364 85858 4.95603 86607 4.96306 92814 4.96323 82087 4.96861 72221 5.01852 
4831 5.05299 104295 5.05307 31317 5.06685 26391 5.07469 49444 5.14401 108228 5.17283 64060 5.24392 100074 5.27048 37448 5.28374 16626 5.32597 
85966 5.71254 19990 5.72395 80265 5.73087 38664 5.73463 114683 5.74739 109368 5.77638 61300 5.80639 14860 5.80861 45610 5.80984 38394 5.88374 
76727 3.42801 122567 3.43748 106707 3.45754 28891 3.46249 50593 3.46411 7842 3.46431 43956 3.49875 119400 3.52195 85187 3.57658 103838 3.62764 
20190 3.82914 119616 3.83765 89924 3.83986 135318 3.84106 63614 3.85681 54470 3.85812 81764 3.88479 120942 4.02521 101481 4.0343 121068 4.05177 
17789 2.79993 117369 2.8036 61300 2.84055 74511 2.846 128159 2.84661 102749 2.8637 114683 2.86861 21180 2.87209 121609 2.89457 45610 2.91134 
31584 4.87917 55106 4.88483 38444 4.89069 20895 4.89606 136664 4.90066 49243 4.91235 42399 4.92543 92304 4.93838 126896 4.94856 7839 5.04355 
1629 4.45011 30824 4.45414 98444 4.47369 93159 4.47746 30724 4.47788 49859 4.49497 37618 4.53345 774 4.54322 44065 4.55722 112114 4.56076 
34302 4.81138 50272 4.83571 3607 4.84688 124375 4.86174 102142 4.86729 52832 4.87007 305 4.90663 120942 4.92409 95088 4.93788 16966 4.98342 
50752 4.21852 74556 4.22434 9022 4.25485 20947 4.26545 107848 4.26854 19990 4.27529 103530 4.29805 131483 4.40047 103838 4.63631 7842 4.64707 
43493 5.04226 65096 5.06947 34302 5.08795 111403 5.09179 113178 5.16596 117955 5.17621 5087 5.18433 116190 5.19846 43041 5.20927 17988 5.35151 
38428 4.95406 69061 4.9561 81260 4.95634 2215 4.97411 44801 4.97618 68824 4.98048 85858 4.98494 47446 5.01364 92814 5.06718 35136 5.14724 
123687 5.77547 97429 5.7888 114683 5.80293 2398 5.8113 45610 5.83714 102749 5.85916 38394 5.87177 21180 5.91719 305 5.9449 61300 6.05348 
73784 4.99338 102149 4.99853 64556 5.03186 96090 5.05885 43095 5.10529 49997 5.11342 4003 5.17182 27719 5.18012 39506 5.18285 18483 5.22548 
136067 4.32972 12817 4.33401 61300 4.33924 56930 4.34978 37970 4.35224 71808 4.35646 14860 4.3597 74482 4.38495 38394 4.42586 22477 4.4349 
64909 5.88828 67208 5.89119 42897 5.89934 88333 5.90024 125707 5.90771 102985 5.91041 51807 5.91241 61769 5.94053 21346 5.94813 22144 6.14489 
55749 5.20647 49821 5.21468 81286 5.21553 71864 5.22939 23294 5.23179 39435 5.26044 120942 5.26355 121182 5.29053 50390 5.307 305 5.3876 
61630 4.77016 67603 4.77395 108994 4.7898 46600 4.79049 63518 4.80949 21641 4.84602 134647 4.85148 11493 4.88575 76597 4.89738 73595 5.08082 
80165 3.01354 108278 3.02881 61300 3.04808 57984 3.0527 49154 3.05349 105507 3.11431 305 3.14127 111937 3.16348 103709 3.16375 2398 3.17915 
55417 3.58612 70962 3.59247 71652 3.59289 125189 3.59744 66392 3.59791 27675 3.59984 75084 3.60363 77987 3.6284 70246 3.63502 5082 3.64301 
81260 5.05115 46653 5.06573 104989 5.06762 39435 5.08979 44801 5.10231 136398 5.11047 111444 5.14583 92814 5.14787 305 5.17746 35136 5.22571 
136046 3.94627 107926 3.96115 118509 3.99626 100972 4.01638 71007 4.04891 4447 4.06278 86380 4.12272 61300 4.13119 35026 4.16722 68495 4.19182 
83089 5.275 130862 5.283 15422 5.29086 30636 5.29134 49711 5.29312 35731 5.31765 37315 5.32728 95449 5.41226 33641 5.44198 4462 5.44772 
42911 5.05728 103763 5.05765 10046 5.05933 116442 5.0714 123425 5.0806 127709 5.09084 16238 5.10196 18849 5.12741 126982 5.16878 85231 5.17782 
28171 5.72373 28415 5.72502 67130 5.7287 58248 5.73363 38394 5.73524 70521 5.73793 112925 5.74117 8497 5.74538 60272 5.75699 12817 5.77743 
130910 4.9792 104082 4.98393 133473 4.98701 135151 4.98868 61300 4.99216 77396 5.00532 3911 5.01659 111554 5.06263 49895 5.06285 305 5.07673 
105510 4.54397 5168 4.55655 19950 4.56176 136328 4.56345 40506 4.58971 113784 4.63799 80158 4.65454 106139 4.66083 43937 4.66471 46959 4.85058 
131478 4.7353 20190 4.75468 26228 4.77354 75369 4.78494 23982 4.78767 63614 4.79108 81764 4.82052 89924 4.86542 7602 4.87138 101481 5.04968 
858 4.29576 91666 4.29607 69581 4.32722 103709 4.371 78918 4.38265 111937 4.40671 2398 4.40905 305 4.432 16501 4.45939 61300 4.72231 
86956 5.19663 14105 5.21934 74401 5.22828 83858 5.23757 54740 5.27558 42977 5.27899 127925 5.28775 121607 5.29487 64060 5.33487 8542 5.36338 
65638 5.4088 120942 5.42971 128411 5.43646 49821 5.44023 125454 5.46164 131652 5.47926 121182 5.49265 39435 5.53312 106533 5.58996 13048 5.66924 
89636 4.11694 104848 4.13327 136494 4.14627 20795 4.17079 88818 4.18522 11788 4.22497 56110 4.25136 117076 4.26051 96989 4.30514 125707 4.46523 
47188 5.02053 12817 5.04114 86389 5.05278 97814 5.05626 34493 5.06734 1140 5.06739 78388 5.11009 38394 5.11392 50161 5.11751 76052 5.12237 
133439 3.58309 67402 3.58397 88602 3.58514 60425 3.59634 39720 3.59845 38428 3.60018 102296 3.60989 14241 3.61634 82197 3.61783 122924 3.63758 
49444 4.67104 50666 4.67707 110510 4.68447 127925 4.72086 133765 4.7326 35731 4.73576 69894 4.74481 100074 4.75938 108228 4.8064 37448 4.84632 
120019 5.11086 3640 5.11279 6916 5.12208 11549 5.12704 124404 5.12919 21180 5.14139 61300 5.14368 83272 5.1503 102749 5.19046 7227 5.19047 
97254 5.13136 102749 5.1366 34120 5.14746 85817 5.18341 67208 5.18978 45610 5.19167 22734 5.19179 99853 5.21147 120019 5.22072 21180 5.25314 
41086 4.7774 8497 4.78 18246 4.78017 28171 4.78421 58248 4.78832 112925 4.79022 13543 4.79103 60272 4.79718 12817 4.81782 70521 4.83862 
102985 3.70008 130080 3.7061 61769 3.71089 90953 3.71285 122077 3.72221 30068 3.72708 6028 3.73072 49895 3.81546 22734 3.86038 45610 3.89511 
74511 4.00286 13796 4.01758 14571 4.02505 6028 4.03448 90953 4.04953 56547 4.05367 61769 4.07024 74879 4.10918 126230 4.11257 119466 4.19788 
97228 3.78376 13241 3.78623 2215 3.78665 116975 3.81242 216 3.82264 86789 3.85033 51137 3.86503 62705 3.86991 305 3.89986 95401 3.94884 
58248 5.04429 70521 5.04672 67130 5.05133 28415 5.05781 112925 5.06004 60272 5.09093 70166 5.09462 12817 5.10754 61300 5.12775 114683 5.25319 
45610 5.1629 94589 5.16555 78585 5.16754 135151 5.17192 25961 5.20468 57971 5.20567 114683 5.27007 61300 5.32136 14860 5.40884 38394 5.47774 
99317 5.38934 64060 5.39086 11260 5.39432 127449 5.39633 50666 5.3977 72542 5.40531 4831 5.41703 78786 5.41749 16626 5.45334 100074 5.46728 
107141 2.73987 107501 2.75042 78585 2.75095 64203 2.75249 10580 2.75598 94589 2.75598 47896 2.77407 61300 2.77443 14860 2.91548 38394 2.95065 
114741 4.18661 102523 4.19482 115956 4.19747 28967 4.2013 25503 4.20151 125529 4.20181 19899 4.20605 3832 4.20933 36438 4.24541 64626 4.25025 
122787 4.32524 13933 4.34888 101424 4.36347 132438 4.37718 118314 4.39007 15664 4.43579 134808 4.44552 51357 4.4531 104244 4.45567 113048 4.48085 
12886 4.7419 18308 4.75162 44227 4.75281 88586 4.76415 85107 4.76631 15060 4.76773 305 4.7954 16381 4.84156 133147 4.86885 7247 4.91029 
21668 5.06654 36933 5.07124 2819 5.09077 46089 5.09199 67836 5.0989 78389 5.10512 51345 5.10809 9754 5.12549 117321 5.15641 17904 5.20063 
75410 5.27921 49444 5.28389 110510 5.28816 133765 5.31584 108228 5.33491 16626 5.35956 135308 5.36016 100074 5.38229 35731 5.39838 37448 5.45284 
104295 4.67539 127925 4.6756 43936 4.71094 75367 4.76732 35731 4.79146 66705 4.8403 108228 4.85572 100074 4.86382 37448 4.87152 21475 5.002 
37448 5.35877 104295 5.35898 80306 5.3602 133765 5.37459 127925 5.37935 4831 5.38472 134096 5.39074 8542 5.39191 55699 5.39551 100074 5.4878 
45720 4.1102 110007 4.11739 102149 4.1224 27143 4.12467 2773 4.13754 88527 4.16967 37618 4.20347 86389 4.20477 112114 4.20508 131049 4.2378 
131683 2.7008 13175 2.70612 132965 2.72746 91366 2.75034 41397 2.7545 119787 2.75471 30088 2.76721 15310 2.77888 33951 2.8122 69215 2.83321 
42602 4.43818 124745 4.4403 103196 4.45495 5739 4.45563 68495 4.47906 134821 4.5371 133915 4.53746 89966 4.547 71879 4.55834 36522 4.57131 
8542 5.70221 46653 5.73012 110007 5.74719 305 5.77292 22492 5.77417 50390 5.78972 97814 5.8172 121068 5.81848 121182 5.86093 120942 5.94266 
68692 4.57434 123395 4.58963 3603 4.59159 8212 4.59538 85971 4.63561 126438 4.63955 7912 4.6482 25384 4.67618 27143 4.80913 64920 4.819 
103530 2.92007 75017 2.92177 123419 2.92484 49739 2.92954 7842 2.93432 101680 2.93451 124745 2.93625 35961 2.96438 106707 3.01783 107848 3.03074 
69316 5.55945 38394 5.61738 45580 5.6644 103709 5.67952 16501 5.68327 69581 5.69911 111937 5.75634 2398 5.77581 21271 5.80248 61300 6.01062 
67130 4.08104 112925 4.08287 28171 4.08313 46144 4.08327 58248 4.08334 60272 4.08833 28415 4.09292 41086 4.09794 12817 4.11035 61300 4.18089 
117723 5.25409 28171 5.26339 8497 5.26424 28415 5.267 70521 5.26941 60272 5.27218 67130 5.27401 58248 5.27767 112925 5.28539 12817 5.29929 
46717 4.7947 108177 4.82855 35674 4.88007 4276 4.90737 135356 4.96382 119880 4.97519 87125 5.08292 85858 5.10357 30138 5.18315 72221 5.21895 
45610 5.33702 28171 5.33819 60272 5.34002 14860 5.35331 12817 5.37115 114683 5.38784 61300 5.39529 19990 5.4003 38394 5.40654 305 5.44291 
70883 5.09552 55857 5.10631 59876 5.11174 35002 5.1156 124554 5.11671 7774 5.1581 71239 5.20735 132321 5.23081 1329 5.23757 73529 5.32483 
98919 3.52181 54755 3.52279 51787 3.5243 23318 3.52511 35435 3.53237 85393 3.53663 19598 3.54556 4798 3.5648 29957 3.57495 22492 3.60968 
107800 5.19037 78383 5.22567 89882 5.23775 37304 5.24289 133453 5.25189 305 5.2963 90823 5.32168 73374 5.32568 110735 5.35535 23294 5.46122 
50721 5.07115 2398 5.096 115226 5.09886 4742 5.10015 14342 5.10867 38394 5.10983 130866 5.11597 23768 5.13229 61300 5.14025 30088 5.14402 
89233 4.89421 69316 4.91505 103709 4.94489 67622 4.96855 107501 4.96946 78918 4.97922 858 5.03175 111937 5.03524 91666 5.18338 61300 5.42391 
54560 5.55896 15177 5.57534 14860 5.59885 131069 5.62968 121609 5.63163 38394 5.64645 21271 5.66135 38664 5.72169 61300 5.76087 110007 5.78826 
51978 5.09982 69581 5.10263 124070 5.14326 16501 5.16143 112312 5.16952 14860 5.19338 106895 5.19648 107501 5.23265 38394 5.2833 61300 5.4798 
35026 5.54308 117857 5.55744 110007 5.58875 4447 5.6076 97814 5.63298 60273 5.63692 16004 5.64223 8542 5.65115 53038 5.71819 32751 5.78311 
133453 5.62238 37304 5.62916 90823 5.63008 30888 5.63537 125098 5.64261 305 5.67069 130917 5.67679 118262 5.69128 122288 5.77004 23294 5.81397 
98960 4.07057 35136 4.08481 26633 4.09751 87125 4.11453 85858 4.13199 59149 4.1591 119880 4.17063 108177 4.20303 72221 4.2852 30138 4.33978 
20650 5.3943 7895 5.39651 37433 5.40913 106707 5.44265 103196 5.45943 136579 5.47914 97898 5.51151 79267 5.51926 103378 5.62057 36522 5.67163 
1355 4.04033 90208 4.04867 97494 4.0513 127271 4.0537 69196 4.08071 122132 4.08125 21363 4.09142 15091 4.17681 103378 4.19076 36522 4.25786 
45917 4.90105 2398 4.93249 70266 4.93523 108842 4.93799 114488 4.93973 30088 4.94075 129417 5.01082 90208 5.02763 112046 5.03824 67689 5.10762 
84193 5.43318 122002 5.43491 35481 5.44094 14732 5.44745 51291 5.45192 41987 5.45654 4613 5.46604 75150 5.47045 89636 5.4726 130371 5.4874 
133403 4.6766 57063 4.68841 76830 4.69793 108895 4.7106 20472 4.71562 18530 4.71941 38727 4.7265 17427 4.75992 113293 4.8011 80259 4.83144 
15933 4.88824 49568 4.89073 11131 4.89347 15122 4.90189 48155 4.90722 113485 4.91436 18393 4.9291 22488 4.93008 68655 4.94957 111474 4.98206 
3844 4.94825 28571 4.96305 114683 4.96307 89354 4.97696 121609 4.99502 135151 4.99778 30088 5.03625 14860 5.08573 38394 5.17998 61300 5.23036 
102749 3.95475 42897 3.97478 114683 3.99707 45610 4.05255 61300 4.06316 24461 4.0653 84872 4.08193 14544 4.11668 56340 4.1489 86377 4.22003 
88822 5.50382 112019 5.50387 1873 5.50586 103709 5.50708 69581 5.54646 111937 5.56193 16501 5.68796 78918 5.72709 2398 5.73215 61300 6.02941 
74511 4.43534 57559 4.44152 105140 4.44272 95231 4.45273 110007 4.4694 43721 4.49992 86088 4.51539 42724 4.52745 128159 4.56279 106087 4.63367 
50611 5.35722 108278 5.38778 23768 5.3991 103709 5.4126 23294 5.41542 49154 5.42888 61300 5.45775 111937 5.47298 2398 5.56889 305 5.78572 
130592 4.85989 37448 4.86683 109933 4.88574 78383 4.88606 88601 4.88867 13219 4.90378 15393 4.91515 104295 4.98243 91583 5.1386 133765 5.20633 
58843 5.31419 24002 5.31495 121095 5.32158 120233 5.32604 63392 5.33481 47963 5.36823 103378 5.39818 8498 5.46696 101684 5.47763 102149 5.48826 
63782 5.03844 57971 5.10356 305 5.12516 135151 5.13105 14860 5.18255 22734 5.18616 114683 5.20476 45610 5.23219 61300 5.26562 38394 5.28552 
129417 5.68968 131652 5.69014 28103 5.7082 73374 5.74829 122787 5.75618 46653 5.77145 23294 5.80543 39435 5.84864 7842 5.98196 305 6.12814 
116227 4.44274 42823 4.44994 39435 4.45209 106533 4.45605 21511 4.47726 81286 4.51818 103761 4.53354 85187 4.54779 3607 4.55896 105849 4.57134 
28274 5.61199 131483 5.62922 110007 5.6305 61300 5.64812 80158 5.70264 46959 5.70973 20947 5.7223 103530 5.77934 305 5.87168 7842 5.88539 
117506 4.51831 47896 4.52633 135073 4.53475 3319 4.54988 14860 4.57704 66843 4.57844 61300 4.65372 38394 4.69274 78918 4.72983 135151 4.75568 
104295 5.20946 112436 5.21061 100074 5.21359 4831 5.23132 108228 5.23259 128529 5.25129 72542 5.25323 127925 5.26294 85231 5.2864 64060 5.29756 
117046 5.24319 44801 5.25646 61300 5.26292 123609 5.2938 120217 5.29814 78767 5.2998 34120 5.30447 102749 5.43442 21180 5.49634 3640 5.51236 
68505 4.82921 15435 4.8654 43502 4.88354 101714 4.89274 45202 4.91207 58111 4.9241 34500 4.93178 67945 4.94648 88753 4.9667 41573 5.01001 
10461 5.095 131174 5.09643 26653 5.10121 91152 5.10175 15393 5.11356 85180 5.11497 103763 5.11547 71594 5.14842 33289 5.17498 121249 5.22199 
97219 5.05545 37315 5.05767 72795 5.06053 115489 5.06402 65529 5.097 37675 5.10885 28309 5.14857 103574 5.16024 4462 5.17989 63412 5.26222 
122748 4.88378 16613 4.88784 13444 4.88806 109787 4.88847 93187 4.92858 37580 4.97106 119331 4.97633 12797 4.99426 95449 5.00007 4462 5.09986 
23811 5.34857 61027 5.38495 110946 5.38961 86777 5.40163 120595 5.41482 4722 5.43782 19976 5.44011 4324 5.45501 6749 5.47697 120534 5.48127 
85966 5.40354 42897 5.40933 7709 5.42039 14860 5.45289 45610 5.48399 21346 5.49152 108395 5.49288 38394 5.53421 61300 5.6419 114683 5.72691 
95401 5.77061 85187 5.78333 30888 5.78506 86789 5.78636 7842 5.84991 23294 5.8555 131652 5.86169 95088 5.88452 122787 5.9309 305 6.06299 
12817 4.93169 47670 4.94481 133173 4.94624 50721 4.94635 45610 4.97874 86389 5.01969 101684 5.03423 102149 5.03521 114683 5.05392 108395 5.10978 
61300 5.32419 129417 5.35318 108278 5.35608 19990 5.35944 11549 5.36396 103709 5.38875 2398 5.41837 21271 5.47768 111937 5.48133 305 5.55832 
80139 5.53896 76059 5.55803 98444 5.57678 135151 5.58329 22734 5.58547 114683 5.59551 57971 5.61827 14860 5.68855 61300 5.72644 38394 5.78933 
88358 5.32713 58748 5.32735 92121 5.35422 23747 5.35482 113717 5.36081 48881 5.36252 5506 5.37892 67448 5.38491 80293 5.44101 116184 5.47746 
21346 5.27774 112342 5.2793 132391 5.28238 23488 5.28361 114683 5.30422 125707 5.31685 117076 5.3288 14860 5.34128 56110 5.36082 38394 5.38808 
23768 4.5298 12817 4.53187 9022 4.53529 61300 4.54572 2398 4.5553 19990 4.5565 50721 4.56276 45610 4.57583 7842 4.66933 305 4.6765 
108278 5.84894 49154 5.87008 23768 5.8849 11549 5.89084 619 5.90048 103709 5.90059 2398 5.93838 61300 5.93941 111937 5.95165 305 6.23653 
105507 3.68151 28787 3.69975 91666 3.70994 13175 3.72209 26433 3.72852 45917 3.73286 2398 3.74886 111937 3.7724 69316 3.77741 103709 3.81797 
86607 4.23775 82087 4.25262 35136 4.2731 81260 4.27392 16966 4.27983 30329 4.29817 30138 4.30314 11772 4.32018 92814 4.39492 72221 4.40601 
94589 4.52067 70166 4.52929 56340 4.53515 1124 4.57051 114683 4.57245 33554 4.57428 57971 4.60518 61300 4.76606 14860 4.77777 38394 4.86778 
22902 5.51954 77550 5.52281 40704 5.52831 119596 5.52974 37996 5.53002 38394 5.5378 95231 5.5378 41621 5.55121 63469 5.55603 38664 5.60915 
40864 4.33942 27148 4.34996 15393 4.35159 97006 4.35272 114601 4.36128 123425 4.38717 126982 4.39094 18849 4.39402 127709 4.43962 85231 4.51614 
50390 5.22431 72491 5.27412 95088 5.31323 61300 5.36257 52832 5.3861 103709 5.44399 111937 5.46224 2398 5.47419 105507 5.47926 305 5.53412 
69581 5.06977 6207 5.08007 14860 5.09079 136582 5.109 27143 5.19062 38394 5.19335 33554 5.2332 130637 5.26867 78918 5.26993 61300 5.45621 
77709 5.39924 40674 5.40147 72542 5.40998 33663 5.413 42643 5.42228 128529 5.45916 112436 5.49711 88008 5.51095 127925 5.52478 64060 5.54729 
2215 5.51439 45610 5.54283 122787 5.56863 7842 5.57652 23768 5.57731 2398 5.61695 23294 5.62682 46653 5.63432 95088 5.69072 305 5.973 
39169 5.87716 2145 5.91649 305 5.92961 13241 5.93771 51137 5.96669 11549 5.96743 111937 5.96908 23768 6.00385 2398 6.02104 103709 6.08667 
109276 4.18516 32079 4.1861 110238 4.18707 123525 4.18799 27566 4.18889 64203 4.19334 5318 4.20442 14860 4.23036 50158 4.25854 38394 4.28877 
72491 3.92414 131516 3.93285 23768 3.97166 85767 3.9755 111937 3.98044 30088 3.98242 121609 3.98517 103709 3.99128 2398 4.0816 61300 4.1441 
37618 5.61784 98444 5.6261 49859 5.63709 85966 5.64148 108395 5.6534 45610 5.71089 114683 5.76981 61300 5.80954 14860 5.83495 38394 5.93458 
