1891 5.39319 17214 5.36651 16365 5.35738 6368 5.34489 8673 5.33716 1614 5.32529 5549 5.29942 10066 5.27185 11819 5.26505 3349 5.243 
9893 4.92527 3066 4.89287 11322 4.85577 17715 4.8204 411 4.81737 15968 4.8026 1841 4.80212 1825 4.7799 13231 4.77729 7098 4.77564 
6741 4.37284 4877 4.21284 9876 4.21237 17123 4.21001 4059 4.20798 2705 4.20047 5408 4.19687 1874 4.19519 6344 4.1951 6061 4.19421 
16365 3.88898 256 3.88831 8786 3.87081 4237 3.85685 15528 3.85014 17411 3.84272 3530 3.83298 309 3.82488 6368 3.81743 8673 3.81493 
9804 4.56351 14776 4.55634 90 4.52745 6368 4.52363 5710 4.52209 231 4.51938 8673 4.51436 5061 4.51227 1614 4.50731 16365 4.4947 
15528 4.05994 10316 3.98296 9550 3.98098 17715 3.94864 2234 3.94729 4237 3.94702 8676 3.94517 17411 3.94215 10144 3.93883 1825 3.93226 
6741 5.23956 4059 5.17077 17123 5.15414 5408 5.15197 4877 5.149 14274 5.14595 9864 5.1432 15835 5.14166 17329 5.13811 1874 5.13204 
9893 5.26029 7098 5.25545 8135 5.21858 9140 5.21149 16870 5.2009 3066 5.18759 15450 5.17031 3887 5.17007 1553 5.16593 12228 5.15863 
3066 3.4951 17715 3.39703 15500 3.38576 13231 3.38152 1841 3.37897 1825 3.36665 2711 3.35487 3595 3.35123 9893 3.34087 4752 3.33733 
16365 4.77313 15528 4.68637 309 4.68065 6368 4.65448 8673 4.64816 5549 4.64387 1614 4.63797 11708 4.63395 1891 4.62327 16870 4.62287 
16365 5.11444 6368 5.10654 8673 5.0985 1614 5.09082 309 5.08074 5710 5.05993 231 5.04869 9804 5.04686 10066 5.04325 14776 5.036 
10066 4.09926 16365 4.05398 9804 4.0246 6368 4.01704 14776 4.01555 1891 4.01083 8673 4.00573 1614 4.00463 90 3.9955 17214 3.97092 
3066 4.12369 9893 4.08266 411 4.04447 11322 4.01319 6963 3.98398 10787 3.97968 7098 3.96653 9140 3.95694 8135 3.95301 15968 3.93858 
5549 4.86959 16365 4.86799 1891 4.85437 12228 4.81191 2987 4.808 1057 4.80012 11563 4.79898 2892 4.78124 10994 4.78067 17715 4.76799 
3066 4.52409 15500 4.50506 6963 4.4773 3595 4.47663 15971 4.47293 10787 4.43279 10925 4.41394 2892 4.41145 17175 4.40312 12228 4.37047 
16365 5.12468 6368 5.08588 8673 5.07889 1614 5.0697 16870 5.06249 1553 5.04418 3349 5.03983 3887 5.03778 7098 5.03206 9893 5.03151 
140 5.35043 5710 5.34885 16365 5.34366 231 5.32691 5061 5.3194 309 5.31639 11471 5.31083 6989 5.31008 15425 5.28866 8786 5.27744 
256 4.62995 15528 4.62028 17619 4.60801 4237 4.60251 16765 4.59264 13459 4.59113 17411 4.58977 8786 4.57364 17480 4.55501 3530 4.55151 
1891 4.58516 16365 4.57553 6368 4.55974 8673 4.55579 1614 4.5406 17619 4.53881 9510 4.53511 13459 4.52107 16765 4.50459 5549 4.4954 
13866 4.39991 17715 4.39584 15057 4.38733 8786 4.37286 13029 4.35636 1825 4.35575 9949 4.35133 1891 4.35106 2711 4.35013 14583 4.3485 
10066 4.80971 9804 4.78531 14776 4.77479 1891 4.75341 90 4.74589 3304 4.72817 16365 4.7051 5710 4.69146 231 4.68308 6368 4.65172 
1891 4.21297 16365 4.19183 17619 4.18189 6368 4.17714 8673 4.17152 8786 4.16803 16765 4.16146 13459 4.16065 1614 4.15899 14776 4.15366 
309 5.58565 5710 5.54184 231 5.53877 5061 5.52747 8786 5.50628 15425 5.49894 6368 5.49763 16365 5.49172 8673 5.49153 1614 5.48161 
9893 5.12508 3066 5.10479 10787 4.99803 6963 4.99794 7098 4.97149 9140 4.96275 8135 4.9623 11322 4.95132 15450 4.91128 15500 4.90929 
13029 4.01933 15057 3.87811 13866 3.8624 9948 3.75076 8583 3.73466 3529 3.72685 9949 3.71724 3002 3.694 6030 3.69123 5263 3.68726 
6368 4.67425 8673 4.67322 16365 4.66011 1614 4.655 1891 4.6515 5549 4.63067 9562 4.62749 8786 4.61807 15528 4.60578 9510 4.60575 
16765 4.56771 15528 4.55512 17619 4.55391 17480 4.5376 13459 4.53102 9948 4.51576 10263 4.51496 9562 4.51177 7454 4.49453 13866 4.4874 
8786 4.61394 1891 4.55581 14776 4.55087 3292 4.5474 90 4.53272 15057 4.52828 13866 4.52337 9804 4.51684 256 4.51239 17619 4.50078 
11471 5.20187 16365 5.19271 8786 5.15083 309 5.1484 6368 5.11709 8673 5.11253 1614 5.10144 15528 5.07954 140 5.07852 5710 5.05936 
16365 5.52529 6368 5.51505 8673 5.51023 1614 5.49566 3349 5.43985 309 5.42055 1891 5.40856 15528 5.36855 14067 5.35423 5549 5.34117 
15528 4.60252 309 4.56243 9241 4.55467 9185 4.54685 6368 4.53583 8673 4.53526 1614 4.52095 16365 4.50883 17735 4.48996 8786 4.48425 
14776 4.61561 9804 4.60611 1891 4.60286 90 4.58677 5710 4.5746 16365 4.56374 231 4.55581 5061 4.55072 8786 4.51561 10066 4.51308 
16365 4.3357 309 4.29676 8786 4.28466 6368 4.27784 8673 4.27275 1614 4.26239 1891 4.23894 256 4.22933 15528 4.22415 5710 4.21118 
8786 4.96539 6989 4.95728 256 4.92529 7639 4.92103 120 4.91 15057 4.90911 17341 4.88466 206 4.87812 12991 4.86606 17739 4.85778 
16365 4.8387 6368 4.78504 8673 4.77933 1614 4.76684 1891 4.76479 5549 4.72434 309 4.70408 17214 4.70147 3349 4.69988 12228 4.69754 
3066 4.80075 15500 4.70042 10925 4.69634 411 4.69035 6963 4.67031 9893 4.65478 3595 4.64993 10787 4.63208 2892 4.6248 15971 4.62304 
309 3.80741 5710 3.80119 16365 3.795 231 3.79395 6368 3.7881 5061 3.78795 8786 3.78787 8673 3.7828 1614 3.77644 9804 3.76496 
15528 5.226 8673 5.21505 6368 5.21449 1614 5.19334 16365 5.16306 3349 5.14518 17619 5.13098 16765 5.12029 13459 5.11333 3066 5.10111 
10066 4.28837 5012 4.21912 3349 4.21367 6368 4.21251 4032 4.21107 1614 4.20215 8673 4.20085 16365 4.18695 15789 4.17258 17214 4.16654 
15528 5.52527 15057 5.51487 13866 5.45818 9948 5.43918 10263 5.43004 17480 5.42099 12033 5.39358 273 5.38835 8506 5.3547 5263 5.35208 
13231 4.52215 15500 4.40452 10925 4.3948 2987 4.37687 10994 4.3768 3595 4.37469 5549 4.3651 1057 4.35862 15971 4.35801 12228 4.35684 
17739 4.06504 5710 3.97733 231 3.96947 8786 3.96638 5061 3.96297 15425 3.92398 7152 3.91765 309 3.91028 9804 3.9095 6368 3.9049 
3066 4.56289 9893 4.52595 13231 4.47301 3326 4.45973 7098 4.44414 15968 4.43202 9140 4.42927 8135 4.4262 11322 4.40924 6963 4.40469 
16365 4.90618 1891 4.87993 5710 4.87642 14776 4.86584 9804 4.86363 140 4.86139 5061 4.85462 231 4.84984 90 4.83928 16071 4.83566 
8786 5.21154 5061 5.18192 256 5.17997 5710 5.17933 16365 5.17183 309 5.16971 231 5.16192 14776 5.1326 9804 5.12406 15425 5.12284 
6368 4.45045 8673 4.44737 1614 4.43333 3349 4.43225 9893 4.41511 7098 4.40101 16365 4.39928 8135 4.37026 10925 4.36502 17214 4.36491 
16365 5.17737 6368 5.1638 1891 5.1604 8673 5.1564 14776 5.14545 1614 5.14232 90 5.1285 9804 5.11379 5549 5.07453 17214 5.06758 
16365 5.24762 6368 5.24043 8673 5.23585 1614 5.22302 3349 5.17285 309 5.15408 9893 5.12628 15528 5.11709 1891 5.10914 14067 5.10007 
3326 4.29602 9893 4.2288 3066 4.21051 1841 4.15911 6963 4.15205 10787 4.14813 11322 4.1071 7352 4.08706 8630 4.07534 411 4.0629 
16365 4.72509 6368 4.68614 8673 4.68177 1614 4.66698 1891 4.64989 5549 4.63485 3349 4.63255 3066 4.60138 15528 4.59891 12228 4.58372 
16365 5.3208 7098 5.29588 16870 5.27939 6368 5.26781 8673 5.25918 1553 5.25472 8135 5.24811 1614 5.24712 3887 5.2465 12228 5.24151 
16365 4.6246 14776 4.57392 9804 4.57196 90 4.55841 6368 4.55651 1891 4.55103 8673 4.5458 10066 4.54011 1614 4.53859 309 4.51868 
256 4.69755 16365 4.67899 309 4.65948 5061 4.62454 5710 4.62165 8786 4.61757 3577 4.61521 5607 4.61354 12308 4.61303 14356 4.61135 
309 4.86833 16365 4.86813 5710 4.84524 8786 4.83565 231 4.82568 5061 4.82414 6368 4.80529 8673 4.79848 15425 4.79295 1614 4.79094 
6741 4.21362 4059 4.14349 14274 4.13192 6344 4.13145 9822 4.12897 5408 4.12719 9876 4.12641 1874 4.12149 4877 4.11576 2705 4.11244 
8786 4.89249 6989 4.88607 9671 4.8556 17739 4.85554 256 4.80006 5061 4.77352 5710 4.76338 231 4.74854 7885 4.74792 3530 4.74194 
256 4.47378 8786 4.44835 16365 4.43259 4237 4.42909 17619 4.42588 3530 4.41415 17411 4.41337 16765 4.40993 15528 4.3952 13459 4.3951 
6368 5.12523 8673 5.12211 1614 5.11249 7152 5.11047 309 5.09187 11471 5.07639 9670 5.03242 16365 5.02741 16901 5.02381 5710 5.02129 
6368 4.7272 8673 4.72104 1614 4.71196 15789 4.67558 14067 4.65878 309 4.61238 16365 4.60899 11406 4.60567 7152 4.59223 13958 4.58045 
16365 4.82431 1891 4.73453 5549 4.73407 6368 4.70315 8673 4.69579 309 4.69178 1614 4.6854 12228 4.65324 1057 4.64749 2987 4.64728 
16365 5.47864 309 5.46079 6368 5.44585 8673 5.44052 1614 5.43074 3349 5.35919 15528 5.3527 11708 5.3384 14067 5.30186 5710 5.29484 
11471 3.56634 16365 3.56294 309 3.55946 8786 3.55024 5710 3.54926 231 3.53565 5061 3.53282 15425 3.51343 11379 3.50953 6368 3.50566 
6368 4.51293 8673 4.50998 16365 4.49377 1614 4.49314 17619 4.48575 16765 4.47481 13459 4.45901 15528 4.43367 1891 4.43144 3349 4.42805 
9893 5.18659 3066 5.14181 11322 5.12629 10925 5.07126 7098 5.05236 15968 5.05234 3349 5.03889 411 5.03227 8135 5.02475 9140 5.02096 
3577 5.00053 5607 4.99784 12308 4.99021 14356 4.98793 10231 4.98487 10509 4.9768 13208 4.9692 7437 4.96868 7558 4.94494 12055 4.94448 
16365 4.54112 6368 4.48176 309 4.48062 8673 4.47664 1614 4.46693 15528 4.41207 1891 4.40335 3349 4.39618 5549 4.3856 11708 4.38031 
256 2.84549 3530 2.7848 5799 2.75775 4237 2.74411 17411 2.73745 14356 2.73723 2466 2.73414 7437 2.73397 12055 2.73177 8229 2.73174 
14776 4.38776 9804 4.38719 5710 4.38623 231 4.37161 5061 4.36457 16365 4.35942 90 4.35622 6368 4.3544 8786 4.35001 8673 4.34721 
16365 4.64406 6368 4.64111 8673 4.63652 15528 4.63471 309 4.63209 1614 4.62492 3349 4.54605 14067 4.5457 9550 4.52551 11708 4.52549 
9562 4.48108 7999 4.41008 12551 4.40946 8673 4.40942 6368 4.40589 9948 4.39172 1614 4.38874 15057 4.38549 10263 4.37003 9208 4.36985 
12228 4.98463 2892 4.95488 10925 4.94439 7098 4.93103 5549 4.92681 2987 4.90968 10994 4.90373 16365 4.90235 17214 4.89827 1057 4.88472 
16365 4.54502 6368 4.5217 8673 4.51564 1614 4.50542 5549 4.46591 3349 4.46089 309 4.44316 5012 4.43001 1891 4.42907 4032 4.42874 
15789 4.58467 16365 4.58045 6368 4.54171 309 4.54111 8673 4.53292 1614 4.5275 3675 4.50323 9804 4.49943 10066 4.48914 231 4.48682 
309 4.54635 16365 4.51788 3675 4.48334 6368 4.47188 8673 4.46403 1614 4.46014 231 4.45357 5710 4.44774 5061 4.43614 15425 4.41879 
6368 4.54488 16365 4.54363 8673 4.54041 1891 4.53359 1614 4.52746 17214 4.48261 3349 4.47185 5549 4.4695 10925 4.43829 309 4.41108 
6368 5.35299 8673 5.35026 1614 5.33253 16365 5.32948 309 5.3127 8786 5.29371 15528 5.28795 256 5.26335 3530 5.2211 14067 5.20642 
6368 4.81062 8673 4.80536 1614 4.79657 309 4.77181 16365 4.75746 3349 4.70109 14067 4.70093 7152 4.69323 5710 4.68415 231 4.68197 
11375 4.36087 14106 4.32383 7639 4.31787 6989 4.3095 11006 4.30151 17739 4.28842 12894 4.27867 1694 4.26259 120 4.26139 2314 4.25574 
6741 4.7382 14274 4.69806 5408 4.69573 4059 4.68466 5721 4.68085 7699 4.68064 6344 4.67544 17329 4.67327 4877 4.67182 11275 4.66937 
6368 5.28835 8673 5.28417 309 5.28368 1614 5.2739 16365 5.26914 3349 5.2164 11708 5.16874 8370 5.16204 15528 5.16121 17692 5.14005 
411 4.24373 9893 4.14342 3066 4.13789 11322 4.09532 15968 4.06924 16974 4.06066 14962 4.05355 17175 4.03148 9555 4.03148 2502 4.01906 
6741 4.95692 4059 4.87866 14274 4.87036 5408 4.86789 4877 4.8645 17123 4.85617 15835 4.85608 9864 4.85234 9876 4.85051 17329 4.85012 
9893 4.67079 3066 4.60948 11322 4.60378 10925 4.56991 3349 4.54278 17715 4.54124 15528 4.53829 7098 4.53599 8673 4.52561 6368 4.52364 
6741 4.28303 4059 4.27809 14274 4.26968 5408 4.26144 9822 4.26089 6344 4.25981 1874 4.25321 4877 4.24978 2705 4.24449 9876 4.242 
6368 4.39661 8673 4.39094 1614 4.38181 16365 4.37452 309 4.33079 14067 4.30428 3349 4.28262 1379 4.28019 17214 4.26276 16911 4.25583 
15057 4.52521 8786 4.47131 14106 4.46314 256 4.44286 8235 4.43905 7639 4.43759 120 4.42276 12894 4.41683 3530 4.41083 5675 4.41073 
16365 4.44159 309 4.38935 256 4.36982 6368 4.36554 8673 4.35985 1614 4.34873 8786 4.32322 1891 4.3224 5061 4.30678 5710 4.30176 
6368 3.79343 8673 3.79162 1614 3.78008 16365 3.77775 15528 3.77525 309 3.769 8786 3.72632 256 3.70704 11708 3.7056 3349 3.70516 
14776 4.2585 6368 4.25822 8673 4.25286 9804 4.24867 1614 4.24171 90 4.23674 1891 4.22364 16365 4.22247 5710 4.19887 309 4.19326 
5710 4.15866 231 4.15448 5061 4.1295 9804 4.12784 14776 4.11792 10066 4.09504 15425 4.09384 90 4.08623 16365 4.08189 309 4.07044 
6741 4.20171 14274 4.10058 6344 4.08804 4059 4.07959 4877 4.07859 5408 4.07828 17329 4.07727 9876 4.06703 12058 4.06459 7699 4.0645 
5607 4.95144 10231 4.95065 14356 4.94785 3577 4.9455 592 4.94248 7437 4.94161 13208 4.93865 7558 4.93714 12055 4.93505 6513 4.92332 
16365 4.77817 6368 4.77722 8673 4.7679 1614 4.7633 309 4.72089 10066 4.69884 3349 4.67994 14067 4.67598 1891 4.64442 5710 4.64234 
16365 4.38769 6368 4.37451 8673 4.37067 1614 4.35718 5549 4.32914 3349 4.31533 1891 4.30305 12228 4.29991 17214 4.29604 10925 4.28089 
8786 5.04862 15057 5.02943 7152 5.02444 309 5.02286 14964 4.9989 15367 4.99317 6556 4.993 9670 4.98774 16901 4.97882 8673 4.97246 
16365 4.87823 6368 4.86966 8673 4.86277 1614 4.85379 3349 4.79609 1891 4.7627 309 4.75676 14067 4.74467 17214 4.73307 5549 4.72009 
10925 5.22463 1891 5.20721 16365 5.20374 5549 5.2009 12228 5.18281 6368 5.18248 8673 5.17604 1614 5.16031 17214 5.15615 2987 5.15592 
9948 3.80328 10263 3.78178 16765 3.76999 17619 3.76586 13866 3.7656 9562 3.75999 13459 3.75364 8583 3.74419 7999 3.7368 12551 3.73592 
6368 4.55059 8673 4.54888 1614 4.53154 9562 4.50031 3349 4.49593 17214 4.48728 10925 4.48138 16365 4.46589 1379 4.4261 12696 4.42401 
16365 5.13392 6368 5.07413 8673 5.06219 1614 5.05951 309 5.05054 10066 5.02684 3675 4.98854 8370 4.98762 3349 4.97575 14067 4.97131 
16365 4.67922 5710 4.63651 309 4.633 9804 4.62874 14776 4.62441 11471 4.62417 231 4.62097 6368 4.61708 8673 4.60848 1614 4.6026 
16365 4.12907 6368 4.094 8673 4.08436 10066 4.08273 1614 4.08248 309 4.07877 15789 4.04078 14067 4.02421 3675 4.02357 231 4.01769 
15528 4.47799 3066 4.45553 9893 4.42102 11322 4.39251 8673 4.35893 16365 4.35883 6368 4.3572 3349 4.34981 7098 4.34488 1614 4.33954 
9893 4.76491 8507 4.74013 1262 4.70525 14971 4.70393 15968 4.6984 2028 4.6802 3576 4.67191 6664 4.66096 12555 4.63326 3010 4.61122 
16365 4.05159 309 4.01993 6368 4.01944 8673 4.01162 1614 4.00844 10066 3.99087 5710 3.99043 231 3.98693 9804 3.97228 3675 3.96565 
256 4.74319 3530 4.68886 309 4.686 16365 4.67464 15528 4.66739 5799 4.62836 8786 4.62551 6368 4.6017 8673 4.59759 1614 4.583 
16365 4.29664 6368 4.27836 8673 4.27366 5549 4.27127 1614 4.26138 3349 4.24319 1891 4.23183 10925 4.22813 17214 4.22256 2987 4.21756 
5770 5.2659 547 5.22098 11471 5.11003 8673 4.9767 6368 4.97275 1614 4.95955 12696 4.9457 3349 4.94296 15968 4.93165 7999 4.89472 
8786 4.52033 256 4.4566 309 4.4384 5061 4.42221 5710 4.41893 3530 4.40968 231 4.40759 6368 4.38364 15425 4.38107 16365 4.3808 
15528 4.77599 256 4.77598 4237 4.72187 3530 4.71933 17411 4.71668 7339 4.66941 2466 4.66941 5799 4.65668 309 4.6543 16365 4.65264 
15528 4.69249 8673 4.64171 6368 4.63959 1614 4.62289 8786 4.62072 16365 4.60797 309 4.57262 3349 4.57181 11708 4.56049 8235 4.52303 
6989 4.49058 8786 4.29065 17739 4.20284 206 4.18063 256 4.16805 11379 4.16571 10338 4.14328 17341 4.13465 16021 4.10525 1891 4.09477 
9893 4.93136 7098 4.9106 8135 4.88225 9140 4.87867 16365 4.83446 15450 4.82872 6368 4.82467 16870 4.82339 8673 4.82163 4056 4.8123 
15057 5.27661 13866 5.1166 547 5.11123 8786 5.0795 6368 5.07175 8673 5.06934 6092 5.06231 1614 5.05358 14951 5.04439 12033 5.01823 
9893 4.96815 411 4.85522 11322 4.84721 15968 4.77837 7098 4.76499 17178 4.75595 8135 4.73961 9140 4.73357 10925 4.71453 3066 4.71141 
8786 4.96724 309 4.96552 16365 4.93865 6368 4.92604 256 4.92286 8673 4.92185 5061 4.91702 5710 4.91163 1614 4.9093 231 4.89913 
1891 4.21272 11471 4.19942 10066 4.18302 14776 4.15078 16365 4.14838 9804 4.14566 6368 4.1372 8673 4.13033 90 4.12603 1614 4.12461 
1891 4.17465 16365 4.17138 140 4.11007 10066 4.08786 5549 4.08173 14776 4.07242 9804 4.06078 90 4.0587 6368 4.05427 8673 4.04538 
5710 4.64762 5061 4.63858 231 4.63601 309 4.63254 8786 4.62907 15425 4.60955 256 4.59582 6989 4.58764 16365 4.58685 11379 4.55941 
6368 5.24811 8673 5.24377 1614 5.23309 16365 5.16722 3349 5.16594 309 5.14061 14067 5.13489 11406 5.0751 13958 5.05531 1379 5.03688 
3066 4.19259 17175 4.18588 15500 4.18417 411 4.17858 3595 4.14741 15971 4.12999 10925 4.12317 6963 4.1128 2892 4.07961 9562 4.06759 
16365 4.79864 6368 4.79375 8673 4.78866 1614 4.77881 309 4.77233 8786 4.73293 11471 4.72906 5710 4.71352 231 4.69644 1891 4.68969 
6368 3.97843 16365 3.97581 8673 3.97171 9804 3.96761 1614 3.96569 10066 3.96294 14776 3.95752 5710 3.94148 231 3.93536 90 3.92965 
6368 4.4501 8673 4.44478 1614 4.43445 16365 4.41009 17214 4.38582 1379 4.36112 14067 4.35734 16911 4.34446 15789 4.34244 309 4.32516 
15528 4.99764 16365 4.89045 6368 4.86944 8673 4.86869 1614 4.84921 309 4.84542 17619 4.84331 16765 4.83304 3066 4.82363 13459 4.81494 
3066 4.89135 9893 4.81209 15528 4.79429 411 4.7878 15968 4.77517 11322 4.77006 3349 4.72312 7098 4.70071 8673 4.69617 6368 4.69449 
17619 4.75867 16765 4.74623 15528 4.73246 13459 4.73102 16365 4.72537 4237 4.71537 17715 4.70486 17411 4.70349 5549 4.6886 1825 4.68582 
9893 4.14883 10925 4.12939 3066 4.12655 15968 4.11816 13231 4.07865 15500 4.05881 411 4.05237 7098 4.05127 104 4.04876 11322 4.04799 
16365 4.71353 6368 4.65286 10066 4.64491 8673 4.64357 1614 4.63858 309 4.6375 9804 4.61331 5710 4.60965 231 4.60021 14776 4.59783 
309 5.42952 16365 5.39691 5710 5.38302 6368 5.38169 8673 5.37548 231 5.37348 1614 5.36614 5061 5.36582 15425 5.3352 7152 5.27799 
6368 4.43435 8673 4.43203 1614 4.41592 16365 4.40038 1891 4.38358 8786 4.36157 17619 4.34051 16765 4.33313 309 4.32963 14776 4.32957 
8786 4.8261 5061 4.7446 256 4.7325 5710 4.72379 8235 4.7209 17739 4.71064 14776 4.70911 231 4.70475 309 4.70344 9804 4.70126 
1891 4.64985 16365 4.63855 6368 4.60702 8673 4.60147 1614 4.58725 14776 4.55736 5549 4.556 17619 4.55564 9510 4.55074 90 4.54893 
256 4.44899 8786 4.44181 3530 4.40426 6989 4.32808 5799 4.32189 309 4.32007 5061 4.2856 9241 4.27353 11497 4.2725 2864 4.27051 
3066 4.19439 17715 4.18389 9893 4.16323 15528 4.16292 1825 4.15523 10925 4.14599 2711 4.14572 411 4.13721 11322 4.13582 8673 4.12987 
10066 4.1901 6368 4.1743 8673 4.16535 1614 4.16284 16365 4.15328 9804 4.10855 309 4.10751 3304 4.0995 14067 4.09643 231 4.09579 
13866 5.03096 15057 5.01585 8786 4.94693 17619 4.9398 13459 4.9315 16765 4.90909 6368 4.89166 13029 4.8889 8673 4.88811 1891 4.88615 
8786 4.35708 256 4.32437 3530 4.29732 16365 4.29064 8235 4.29029 6368 4.28056 15057 4.27963 8673 4.27764 309 4.27701 1614 4.26277 
5905 5.27151 7025 5.24797 17175 5.22386 3066 5.22177 9948 5.20376 10263 5.20161 8519 5.18755 411 5.11443 17480 5.11441 5463 5.10989 
1891 3.57549 14776 3.53452 90 3.51997 9804 3.5161 16365 3.51294 10066 3.5073 5549 3.49873 11563 3.45749 5710 3.44709 9510 3.44517 
3066 4.17669 15528 4.17017 16765 4.14044 17619 4.13696 8673 4.11777 6368 4.1174 13459 4.11208 16365 4.11012 1614 4.0981 9562 4.09718 
16365 4.96403 6368 4.95861 8673 4.95656 8786 4.94255 17619 4.93937 1614 4.93734 16765 4.92645 13459 4.91591 1891 4.91211 15528 4.91057 
17715 4.46773 1825 4.43748 2711 4.42176 5549 4.41633 10925 4.40323 16365 4.38618 3066 4.38373 4752 4.37246 1891 4.36945 2987 4.36509 
309 3.69052 16365 3.64981 5710 3.64849 5061 3.63879 231 3.63629 5801 3.62942 8786 3.62614 9949 3.62268 11708 3.61903 15425 3.61464 
11471 4.96579 1891 4.94725 6368 4.87984 8673 4.87301 1614 4.86261 10066 4.86154 16365 4.84528 14776 4.82131 17214 4.8208 9804 4.81596 
4237 4.83497 17411 4.8266 7339 4.79482 2466 4.78662 16684 4.76638 9069 4.72185 1868 4.66253 16365 4.66229 5549 4.64198 17715 4.63646 
16365 3.62088 309 3.60453 6368 3.60399 8673 3.60149 1614 3.59187 15528 3.58777 8786 3.56646 11708 3.55979 3349 3.52717 1891 3.52673 
7152 4.57478 309 4.56503 9670 4.55398 16901 4.5531 6556 4.55166 14964 4.5492 15367 4.54886 16371 4.53646 6368 4.52304 8673 4.52226 
10925 4.04633 3066 4.01934 15500 3.97933 2892 3.97563 104 3.96392 12228 3.96225 3595 3.94767 9893 3.94604 9562 3.92716 14436 3.92243 
9893 4.81651 11322 4.77572 15528 4.74513 16365 4.73135 140 4.70201 16870 4.68643 7098 4.68225 17715 4.67323 3066 4.67286 15968 4.66252 
5549 4.27101 1891 4.26935 16365 4.24894 10925 4.23807 17715 4.21717 2987 4.21565 11563 4.21413 1057 4.20519 6368 4.19523 9510 4.19417 
1694 4.87123 16193 4.81218 10824 4.77889 17356 4.74018 8622 4.72427 5528 4.69755 2142 4.68071 2196 4.65668 8853 4.64884 14414 4.63347 
16365 5.69547 6368 5.65611 8673 5.6507 1614 5.63995 309 5.6317 11471 5.59766 3349 5.58871 1891 5.55399 15528 5.53797 140 5.53795 
6368 4.7215 8673 4.71677 1614 4.70171 16365 4.68925 309 4.64639 12696 4.64532 1891 4.62689 14776 4.61013 90 4.6008 16765 4.60003 
17619 5.2427 16765 5.23879 3066 5.21668 13459 5.21582 7454 5.16071 15528 5.15467 16365 5.0961 17715 5.08079 1825 5.08003 17480 5.07077 
3728 4.60277 6292 4.53937 13029 4.49111 17715 4.46286 5463 4.46038 9948 4.44641 1825 4.43352 2711 4.38564 4752 4.37811 1059 4.36876 
231 4.6784 5710 4.67835 6368 4.67564 7152 4.66848 8673 4.66679 1614 4.66275 9804 4.65232 309 4.64826 5061 4.63641 14776 4.63276 
6368 4.29015 8673 4.28438 1614 4.2769 16365 4.22231 309 4.20451 14776 4.19624 3349 4.19053 9804 4.18306 14067 4.17922 1891 4.17225 
9893 4.80263 15968 4.74439 16870 4.73292 3887 4.71731 1553 4.70258 6055 4.69135 14971 4.66936 7098 4.65493 8370 4.63737 8135 4.6276 
6368 5.01013 8673 5.00412 1614 4.99265 16365 4.92953 1891 4.92804 309 4.91159 17214 4.90692 14776 4.87303 14067 4.87088 3349 4.86729 
1891 4.54616 9562 4.51746 14776 4.50871 10925 4.50653 6368 4.50595 14951 4.50329 8673 4.50268 5549 4.49465 90 4.49398 16365 4.49061 
15057 4.6644 8786 4.57061 547 4.55265 1680 4.51234 14106 4.50903 8235 4.50409 7639 4.4887 12033 4.4885 12894 4.48793 120 4.48466 
11471 5.2949 8786 5.21559 1680 5.10704 5801 5.09185 5061 5.0689 256 5.06415 5710 5.06146 309 5.05802 8235 5.05 14106 5.04989 
10925 4.56963 17214 4.55756 6368 4.51468 8673 4.5088 1614 4.49703 1891 4.49161 5549 4.48888 104 4.46414 3349 4.4571 11563 4.45475 
15789 5.76638 16870 5.51509 3887 5.50261 1553 5.50081 10345 5.46206 9893 5.45111 6055 5.43353 8370 5.42858 7098 5.4168 14563 5.41017 
6368 3.87531 8673 3.86993 1614 3.8617 14776 3.84466 16365 3.8387 9804 3.83686 1891 3.82665 90 3.82338 309 3.8187 5710 3.81429 
5549 4.54032 10925 4.52562 12228 4.52536 3066 4.51231 15500 4.5121 9893 4.50694 2892 4.50283 2987 4.48269 1891 4.48084 10994 4.47696 
8786 4.26051 256 4.25153 15057 4.22359 17619 4.2225 16765 4.21858 8235 4.21222 13459 4.19231 3530 4.1916 16365 4.1803 6368 4.17114 
8786 4.47083 6368 4.43678 8673 4.43459 16365 4.43107 1614 4.4193 309 4.40237 8235 4.37652 1891 4.36195 15528 4.3518 256 4.34341 
11471 4.96231 16365 4.94808 5710 4.93635 309 4.9362 231 4.9224 5061 4.8984 6368 4.89114 8673 4.88283 15425 4.87748 1614 4.87714 
5710 4.42925 9804 4.42557 14776 4.4243 231 4.41739 5061 4.41445 16365 4.39731 1891 4.39235 90 4.39207 15425 4.37746 309 4.37445 
10925 4.52156 5549 4.4639 1891 4.44455 2987 4.43838 16365 4.43431 10994 4.43199 104 4.42776 3349 4.42151 11563 4.42022 1057 4.41933 
15789 4.16439 6368 4.08301 8673 4.0769 1614 4.07061 7152 4.04041 14067 4.03237 9670 4.01925 16371 4.01817 14964 4.01789 16901 4.01278 
16365 5.26276 6368 5.23951 8673 5.23552 1614 5.22005 15528 5.18481 309 5.16819 3349 5.15218 1891 5.12489 11708 5.08854 14067 5.08205 
1891 4.40926 8786 4.38931 16365 4.382 14776 4.36531 9804 4.34716 6368 4.34281 90 4.34238 309 4.33962 5710 4.33764 8673 4.33732 
6741 4.34546 4059 4.29813 9864 4.28983 2705 4.28688 5408 4.28656 6061 4.28544 17329 4.2842 4877 4.28383 4976 4.28312 11275 4.27612 
15789 5.04018 6368 4.98008 8673 4.9709 1614 4.96289 16365 4.94244 1379 4.92315 10066 4.91841 17214 4.8995 16911 4.89518 3349 4.89149 
3066 4.7731 17715 4.75324 1825 4.73387 2711 4.70096 4752 4.67762 10925 4.67755 15500 4.64758 411 4.641 5549 4.63951 6292 4.62477 
9893 4.66477 7098 4.6477 3066 4.63345 16365 4.63122 5549 4.61665 8135 4.61368 9140 4.60466 12228 4.60065 16870 4.59667 6368 4.58168 
17739 4.44378 7300 4.43394 6977 4.40937 14106 4.40905 1030 4.40137 14348 4.39851 11345 4.39101 15580 4.38781 7019 4.37933 7152 4.37914 
16365 4.57402 6368 4.55978 8673 4.5528 1614 4.54172 1891 4.49594 1379 4.49313 17214 4.49269 3349 4.48369 12696 4.47959 12228 4.46937 
15211 4.75535 17356 4.74062 256 4.72197 8382 4.68674 3530 4.66181 9949 4.65486 10667 4.63124 5799 4.59449 8786 4.57926 15177 4.56321 
9893 4.69067 3066 4.6481 11322 4.61158 7098 4.58808 15528 4.57888 9140 4.57094 8135 4.56973 3349 4.5347 8673 4.53067 6368 4.5295 
10066 4.45838 16365 4.41125 3675 4.41047 8370 4.38679 7677 4.38548 231 4.36774 5710 4.3649 15789 4.3616 6368 4.35926 309 4.35566 
6368 3.83056 8673 3.8249 14776 3.82211 1614 3.81669 9804 3.81458 90 3.80224 16365 3.77018 10066 3.76081 17214 3.75743 12696 3.74562 
16765 3.63239 17619 3.62269 13459 3.59898 7454 3.56923 1891 3.53538 9510 3.51949 13866 3.50597 16365 3.50059 15057 3.49739 6368 3.49041 
3066 4.93527 7098 4.8743 9893 4.86877 9140 4.84405 8135 4.84133 15450 4.80217 1841 4.80114 12228 4.79846 11322 4.79331 2892 4.78351 
16365 4.6916 5549 4.63466 14776 4.63119 9804 4.6218 3577 4.61822 5607 4.61817 6368 4.61185 10231 4.61072 12308 4.60505 8673 4.60384 
1891 3.9134 8786 3.91128 16365 3.89306 6368 3.8644 8673 3.86106 9510 3.85569 1614 3.85015 5549 3.84271 309 3.83793 17715 3.83429 
6368 4.73934 8673 4.73676 16365 4.72239 1614 4.71984 8786 4.71799 1891 4.71537 17619 4.65131 9510 4.64879 309 4.64767 14776 4.64128 
16365 5.35565 309 5.34737 5710 5.28715 3675 5.28337 231 5.28138 5061 5.26016 6368 5.22795 7677 5.22254 8673 5.21507 1614 5.21211 
10066 4.26509 16365 4.26102 17214 4.2555 1891 4.25363 6368 4.25058 8673 4.24128 14776 4.23867 1614 4.23424 9804 4.23294 90 4.22329 
8786 5.30158 547 5.29202 15057 5.26881 8235 5.23242 8673 5.22063 6368 5.22048 14951 5.20846 1614 5.20088 309 5.16433 16819 5.14972 
5710 4.65742 5061 4.64918 231 4.64246 15425 4.59823 9804 4.59818 14776 4.59255 6989 4.58235 10459 4.57397 16071 4.55987 90 4.55943 
6368 4.28166 8673 4.27889 3066 4.26477 1614 4.26296 16365 4.25769 3349 4.22294 12228 4.22216 2892 4.21864 17214 4.21739 7098 4.20493 
7437 4.71263 10231 4.70806 14356 4.70342 592 4.69434 12055 4.68203 5607 4.67233 13208 4.67098 10509 4.6683 7558 4.66181 3577 4.6561 
8786 4.45733 256 4.44226 3530 4.39094 6989 4.38689 5061 4.33083 5799 4.32182 17739 4.32177 5710 4.31141 15057 4.30332 8235 4.29769 
6368 4.66073 8673 4.65869 1614 4.64624 3349 4.61412 15789 4.5996 14067 4.57722 1379 4.57249 16365 4.54986 16911 4.53919 11406 4.53712 
3066 3.97199 12228 3.85884 2892 3.84872 16811 3.83664 3595 3.82674 15971 3.8248 15500 3.82253 10787 3.82035 13231 3.8178 8049 3.8171 
3066 5.22586 16365 5.20661 12228 5.18884 2892 5.1565 5549 5.14898 7098 5.1446 1891 5.13539 17715 5.12741 16870 5.10621 8135 5.10042 
4237 4.45958 17411 4.44931 7339 4.40821 2466 4.40465 16684 4.37271 256 4.35699 9069 4.34549 14356 4.32986 10509 4.32456 17619 4.32443 
16365 4.65814 6368 4.65028 8673 4.64652 1614 4.63431 1891 4.58139 3349 4.57819 309 4.57405 5549 4.53311 15528 4.5319 8786 4.50449 
16365 4.94591 6368 4.87986 8673 4.87221 1614 4.86234 1891 4.81496 309 4.79203 3349 4.77458 5549 4.76423 17214 4.76246 14067 4.74958 
16365 4.63558 6368 4.55281 8673 4.54637 1614 4.53464 309 4.52651 1891 4.52634 5549 4.5169 14776 4.49041 9804 4.47948 90 4.47343 
16365 5.22671 6368 5.16805 8673 5.16196 1614 5.14734 309 5.14145 1891 5.11386 5549 5.09963 14776 5.09932 9804 5.08888 90 5.0759 
16365 4.8834 6368 4.8255 8673 4.81896 309 4.81766 1614 4.80945 15528 4.75086 1891 4.71196 11708 4.70915 3349 4.70546 14067 4.69584 
5710 4.52786 231 4.52403 10066 4.50701 9804 4.50237 14776 4.48373 5061 4.48299 4459 4.48106 16365 4.46773 10459 4.46598 15425 4.45828 
6368 4.50903 8673 4.50574 1614 4.4917 3349 4.45609 1379 4.42839 12696 4.41096 17214 4.4092 14067 4.40508 16365 4.39608 16911 4.38176 
3066 4.62017 10925 4.58874 8673 4.5822 6368 4.58118 9562 4.58096 17619 4.57878 3349 4.57649 16765 4.56715 1614 4.56025 13459 4.55993 
10925 4.56579 12228 4.55424 2892 4.5485 3066 4.52559 5549 4.50856 2987 4.49669 10994 4.49342 1891 4.47818 1057 4.47036 11563 4.46755 
5710 3.95657 231 3.95644 5061 3.95065 15425 3.92135 309 3.90531 6989 3.87756 9804 3.86476 16365 3.85938 3675 3.85699 7152 3.85209 
16365 3.90596 309 3.85146 1891 3.83871 6368 3.83811 8673 3.83445 1614 3.82173 8786 3.81624 256 3.80853 15528 3.80755 5061 3.80083 
8786 4.78184 8235 4.69968 256 4.68488 15057 4.65898 6368 4.6582 8673 4.65621 309 4.6543 3530 4.6474 1614 4.6408 16365 4.61094 
16365 5.2627 15528 5.25617 6368 5.2516 8673 5.25021 1614 5.23385 309 5.2236 3349 5.20259 11708 5.17387 9893 5.13224 1891 5.09174 
5012 4.87693 2675 4.82713 17178 4.81066 4032 4.80774 15968 4.76722 10925 4.72271 9893 4.70572 11819 4.70175 16664 4.68346 16005 4.67926 
5710 4.05816 231 4.05154 16365 4.04668 309 4.04538 5061 4.03087 3675 4.0131 15425 4.01205 9804 4.00225 10066 3.99449 6368 3.99388 
16365 4.73513 309 4.66986 15528 4.64836 6368 4.64646 8673 4.64139 8786 4.63639 1614 4.63033 1891 4.60853 140 4.603 256 4.60044 
4237 4.09966 17411 4.08599 7339 4.04805 2466 4.03901 256 4.02171 8786 4.01355 16684 4.0077 9069 3.99839 17715 3.93157 1868 3.9313 
8786 4.74063 5710 4.72658 16365 4.72467 1891 4.71145 5061 4.70521 14776 4.70306 231 4.70197 9804 4.69341 90 4.67629 6368 4.67131 
15057 4.40939 17739 4.39301 8786 4.38093 206 4.30387 2215 4.29758 5710 4.29169 13866 4.28675 5061 4.28524 231 4.27575 1680 4.24115 
3066 3.81056 7098 3.79429 9893 3.78029 8135 3.76397 16870 3.76235 9140 3.75988 13231 3.7595 5549 3.75189 16365 3.74676 10994 3.73794 
8786 4.95987 14106 4.91378 120 4.87931 8235 4.87151 1680 4.86831 10263 4.86361 12894 4.85993 5965 4.8452 5675 4.84027 15057 4.83737 
6368 4.77571 8673 4.77144 1614 4.75977 309 4.73811 16365 4.70661 3349 4.68867 14067 4.66326 15528 4.64951 7152 4.63036 1379 4.6288 
5012 4.12266 17214 4.1017 1891 4.09099 4032 4.08801 14776 4.08234 90 4.07852 6368 4.06663 5549 4.06451 8673 4.05877 11563 4.05437 
3066 4.99572 9893 4.97874 11322 4.90643 10925 4.90473 411 4.89318 9562 4.85899 7098 4.83257 15968 4.83224 15500 4.81206 8135 4.81097 
1523 4.19321 1855 4.15722 6989 4.12441 14890 4.12075 2946 4.04945 15208 4.04873 7801 4.04198 11471 4.03568 6206 4.0121 4941 4.01083 
6989 4.60991 140 4.43371 7885 4.42021 5497 4.39087 10459 4.38682 17739 4.38452 2272 4.35663 11471 4.35002 7428 4.34543 13472 4.32343 
15528 4.88394 256 4.871 8786 4.86361 8235 4.85708 3530 4.85033 8673 4.84402 6368 4.84322 16765 4.83559 1614 4.82198 17619 4.82138 
16365 4.16165 140 4.11702 6368 4.10728 309 4.10669 5710 4.10575 8673 4.10241 1891 4.09823 1614 4.09436 231 4.08644 5061 4.07925 
6741 4.41483 6061 4.32795 17123 4.32768 4976 4.32571 4059 4.32394 2705 4.32309 17329 4.32209 11275 4.32052 9864 4.3171 15835 4.30955 
6368 4.50681 8673 4.50264 1614 4.48956 17214 4.45192 16365 4.44367 3349 4.44305 1891 4.4207 10925 4.402 14067 4.38461 1379 4.37476 
6368 4.38595 8673 4.3822 1614 4.37147 16365 4.33901 3349 4.31043 309 4.29227 14067 4.29057 1379 4.26466 11406 4.24237 16911 4.23491 
9241 3.59067 12345 3.57911 12887 3.5181 4047 3.51606 11497 3.49876 8424 3.49496 5040 3.49237 256 3.4887 1098 3.48645 10335 3.47055 
17739 4.3001 8786 4.24031 5710 4.19222 5061 4.18206 231 4.1772 14776 4.15516 15057 4.15148 9804 4.15088 15425 4.13821 7404 4.13059 
16365 5.44284 6368 5.38498 8673 5.37499 1614 5.36605 1891 5.361 10066 5.34316 14776 5.33559 9804 5.33533 309 5.3191 90 5.31095 
4237 4.36875 17411 4.36436 16365 4.34142 7339 4.32263 2466 4.31795 17715 4.3152 16684 4.2996 140 4.26833 9069 4.26428 2711 4.26347 
5607 4.61591 13208 4.59199 6513 4.59034 3577 4.59032 10509 4.58727 10231 4.58528 7437 4.58385 14356 4.58258 7558 4.57371 592 4.57037 
8786 4.79898 256 4.798 16365 4.72625 309 4.70478 6368 4.68977 3530 4.68735 8673 4.68548 17619 4.674 1614 4.67213 15528 4.66751 
8786 5.0713 15057 4.99957 8235 4.99881 256 4.98863 3530 4.97963 309 4.94582 6368 4.94478 8673 4.94456 1614 4.9256 5799 4.92093 
17739 4.21762 3292 4.15815 547 4.07145 15579 4.0495 14776 4.04649 9804 4.04516 3743 4.0366 14951 4.02406 6368 4.01999 90 4.01853 
16365 4.65118 6368 4.64956 8673 4.64503 1614 4.63093 1891 4.61861 5549 4.57824 3349 4.57111 17214 4.54584 309 4.53706 17619 4.53317 
1891 4.72528 16365 4.72107 8786 4.71584 6368 4.70085 8673 4.69509 1614 4.68273 309 4.6525 14776 4.64552 90 4.63222 9804 4.62661 
5549 3.85796 5012 3.85426 11563 3.82293 14776 3.82183 4032 3.81798 2987 3.81009 1057 3.80814 90 3.80513 9804 3.79391 16365 3.78594 
17715 4.97776 1825 4.94956 411 4.94627 2711 4.91565 3066 4.90904 10925 4.88678 4752 4.88207 6292 4.87034 5549 4.85093 14436 4.8475 
6368 4.45145 8673 4.44544 16365 4.44056 1614 4.43595 1891 4.41703 3349 4.38688 17214 4.35645 10066 4.32742 14067 4.32569 5549 4.32095 
6989 3.88449 5710 3.80368 5061 3.80109 17739 3.79988 231 3.79859 7816 3.78429 10459 3.78052 9671 3.77391 15425 3.77044 5497 3.7677 
16365 5.36491 14776 5.35502 9804 5.35381 1891 5.34966 90 5.32127 6368 5.30732 8673 5.29896 5549 5.29417 309 5.28841 10066 5.28782 
3066 3.03306 15500 3.01789 15971 3.00091 3595 2.9986 6963 2.97761 17175 2.97689 10787 2.95266 17715 2.95118 1825 2.94968 4752 2.92261 
16365 5.19944 6368 5.19819 8673 5.19257 1614 5.17891 309 5.13377 1891 5.08519 3349 5.06721 14067 5.05785 14776 5.04599 9804 5.03085 
309 4.78747 8786 4.7802 5710 4.75245 5061 4.74855 256 4.74173 231 4.74132 16365 4.72056 15425 4.71438 9241 4.68957 3530 4.68338 
6368 4.52236 8673 4.51423 1614 4.50977 10066 4.48819 9804 4.47368 14776 4.46339 16365 4.44307 7152 4.44098 14067 4.43513 90 4.43449 
2257 3.46502 15220 3.44811 15955 3.44794 10183 3.44728 2233 3.4366 429 3.43246 7538 3.42586 15378 3.42498 8786 3.42478 7435 3.41936 
6368 4.43442 8673 4.43075 16365 4.41754 1614 4.41595 17619 4.37177 15528 4.37016 309 4.36595 16765 4.36435 13459 4.34139 14067 4.31849 
5710 4.23802 231 4.22962 9804 4.21413 14776 4.20612 16365 4.20341 5061 4.19681 309 4.18789 10066 4.17538 90 4.17098 15425 4.16795 
15789 3.28604 6368 3.17194 8673 3.16612 3349 3.16539 1614 3.16417 8370 3.15264 16365 3.13354 1553 3.12722 16870 3.12507 14067 3.12314 
256 5.12387 3530 5.07448 8786 5.0725 4237 5.01764 5799 5.01586 17411 5.00118 8235 4.99519 16260 4.95126 7339 4.94507 16365 4.94464 
1891 3.46735 14776 3.4426 90 3.43234 9804 3.42056 9510 3.39859 16365 3.37989 10066 3.37845 6368 3.37018 17214 3.36518 8673 3.36348 
16365 4.69909 1891 4.66217 6368 4.65642 8673 4.65062 1614 4.63905 5549 4.6201 309 4.5847 14776 4.57072 3349 4.56304 9804 4.56001 
16365 4.96908 6368 4.94531 8673 4.94092 1614 4.92811 309 4.89868 1891 4.85445 3349 4.83932 15528 4.82368 8786 4.80603 14067 4.80528 
9893 5.135 3066 5.09987 7098 5.03174 11322 5.02508 8135 5.00621 9140 5.00527 10925 4.99383 3349 4.96399 15968 4.93314 15450 4.93067 
15528 4.66436 9893 4.62837 8673 4.60999 6368 4.60776 3066 4.60551 3349 4.59789 1614 4.58958 11322 4.58625 7098 4.52405 16365 4.52346 
309 5.20573 8786 5.18366 256 5.15278 16365 5.15133 15057 5.15023 5710 5.14066 5061 5.12586 231 5.12388 6368 5.09962 13866 5.09793 
411 4.20855 3066 4.20513 15968 4.18318 9893 4.16989 11322 4.10053 15528 4.1005 14971 4.07132 17715 4.06825 1825 4.05075 1841 4.04241 
5710 3.56487 231 3.56224 309 3.55645 5061 3.54964 16365 3.53629 6368 3.53501 8673 3.52858 15425 3.5254 1614 3.52524 3675 3.50132 
9671 4.53239 2142 4.49972 6989 4.47714 10044 4.45081 5607 4.44356 3577 4.43629 14356 4.43581 12308 4.43578 10231 4.42635 10509 4.41772 
16365 4.61278 8786 4.57842 1891 4.56637 309 4.56004 6368 4.55568 8673 4.54963 1614 4.53877 14776 4.53605 5710 4.53437 9804 4.52773 
9893 4.3653 7098 4.35619 16870 4.34242 3066 4.33848 8135 4.32623 16365 4.32527 9140 4.31934 3887 4.31297 1553 4.30454 5549 4.30366 
16365 5.06899 309 5.02235 11471 5.00774 6368 4.98159 1891 4.97439 8673 4.97407 5710 4.97274 140 4.96726 1614 4.96498 5801 4.95703 
14776 4.90602 9804 4.88812 90 4.88063 1891 4.88036 17739 4.84512 5710 4.8266 8786 4.82201 5061 4.81056 231 4.81021 16365 4.80864 
8786 4.44595 16365 4.42738 15528 4.423 6368 4.4154 8673 4.41383 256 4.40125 1614 4.39763 17619 4.39595 13459 4.38416 1891 4.37737 
16365 4.38979 6368 4.33493 8673 4.32577 10066 4.3208 1614 4.31959 309 4.28935 15789 4.28844 9804 4.28231 17214 4.2742 1379 4.26939 
12228 4.8755 2892 4.85847 16365 4.8061 17214 4.80316 10925 4.79998 6368 4.79576 12696 4.79278 8673 4.7906 1379 4.78907 1891 4.78625 
6368 4.01252 8673 4.00583 1614 3.99519 16365 3.98577 17619 3.97983 16765 3.97632 13459 3.95607 1891 3.93977 17214 3.93581 309 3.93332 
9893 4.87247 15968 4.81694 10925 4.78909 411 4.78897 3066 4.76247 9562 4.74446 7098 4.7177 11322 4.71205 3349 4.71009 104 4.69794 
3349 4.09274 6368 4.05988 14971 4.05949 8673 4.05671 15033 4.05562 1614 4.04752 9893 4.0389 1841 4.03277 3746 4.03139 16870 4.02943 
1891 3.23639 8786 3.22769 14776 3.22515 90 3.21511 9804 3.20276 16365 3.20137 9510 3.18184 256 3.15918 6368 3.15802 5710 3.15676 
15789 4.45392 10066 4.29818 9804 4.25339 3304 4.2416 6368 4.2276 14776 4.2276 8673 4.21536 1614 4.21449 90 4.19845 16365 4.19047 
17739 4.85621 9804 4.81314 14776 4.80645 90 4.77593 10066 4.76509 5710 4.76058 1891 4.74948 231 4.74674 3304 4.73028 5061 4.72646 
6741 4.89188 2705 4.8293 4877 4.82293 4059 4.81675 1874 4.80314 5408 4.80279 6344 4.80226 17123 4.80109 9876 4.79987 6061 4.7995 
15789 5.27543 16365 5.15312 6368 5.15106 8673 5.14086 1614 5.137 3675 5.12195 309 5.11395 14067 5.06829 3349 5.05695 8370 5.05462 
6368 4.2682 8673 4.26619 1614 4.25166 16365 4.24303 3349 4.20279 15528 4.18262 1379 4.15141 309 4.1494 14067 4.14545 17214 4.14501 
16365 4.93252 6368 4.92492 8673 4.91832 1891 4.90951 1614 4.90646 3349 4.8439 5549 4.82853 17214 4.81558 309 4.7959 10066 4.78408 
15528 4.45735 3530 4.35205 8786 4.3511 256 4.34149 309 4.31246 5799 4.30168 10316 4.28221 16365 4.2782 8235 4.27244 2234 4.26585 
1891 4.92808 16365 4.89626 6368 4.87957 8673 4.87459 1614 4.85896 8786 4.85534 9510 4.83481 14776 4.82988 90 4.81825 17619 4.81598 
15057 3.87316 5012 3.73228 13866 3.7199 3292 3.71983 7639 3.71929 11843 3.7149 14678 3.71096 16765 3.70311 4032 3.68437 14776 3.68312 
6368 4.54411 8673 4.54154 1614 4.52873 309 4.48759 16365 4.47241 15528 4.45497 14067 4.44374 3349 4.4375 11406 4.38919 13958 4.37577 
6741 4.35353 2705 4.24217 4877 4.23052 17123 4.22861 14274 4.22631 6344 4.22465 9876 4.22396 12058 4.22258 4059 4.22218 1874 4.21576 
15057 4.37971 13866 4.34059 273 4.33481 6092 4.32821 13029 4.32356 9948 4.32007 10263 4.31625 8583 4.3051 8506 4.30068 9562 4.30008 
3417 3.09104 12317 3.08809 1444 3.08266 17128 3.07422 12660 3.07062 15319 3.05329 1817 3.04974 9853 3.04539 9533 3.03082 15278 3.0277 
6368 4.29105 8673 4.29004 1614 4.27593 8786 4.27578 15057 4.24506 16365 4.2228 309 4.21217 8235 4.17464 1891 4.16192 14067 4.16132 
11471 4.91852 16365 4.54527 309 4.52812 12026 4.52263 9330 4.50373 4646 4.48725 11379 4.48155 5710 4.47977 6368 4.47907 140 4.47601 
6368 4.40229 8673 4.4013 1614 4.38389 9562 4.37945 17619 4.3364 16765 4.33361 3349 4.32915 13459 4.32219 13866 4.32065 1891 4.31705 
16365 4.43597 1891 4.38885 6368 4.36963 8673 4.36225 1614 4.3523 14776 4.35048 309 4.34149 90 4.33669 9804 4.33554 8786 4.30428 
14776 4.99057 1891 4.98875 16365 4.98065 9804 4.97667 90 4.96875 5710 4.90316 10066 4.89231 5549 4.88851 231 4.88718 5061 4.88596 
9893 4.57059 16365 4.54716 15968 4.52576 3349 4.52106 7098 4.52004 5549 4.51938 6368 4.51001 8673 4.50563 16870 4.50562 1614 4.49447 
309 4.43921 5710 4.41767 8786 4.41506 5061 4.40996 231 4.40678 16365 4.40309 15425 4.38521 11379 4.36023 6368 4.35488 8673 4.34872 
9893 5.14573 15968 5.01991 3066 5.01157 7098 5.00259 9140 4.98878 8135 4.98553 11322 4.98503 15450 4.95298 1841 4.94626 16870 4.92233 
11471 5.68251 9330 5.66734 309 5.66442 6368 5.64135 8673 5.63803 16365 5.62931 1614 5.62626 16401 5.58457 15528 5.56858 10335 5.55874 
6368 4.95434 8673 4.94794 16365 4.94624 1614 4.93894 309 4.93035 8786 4.89824 5710 4.87524 231 4.86435 5061 4.85809 14067 4.83592 
15789 4.31721 7677 4.18025 17692 4.13549 16365 4.12007 3675 4.1107 4032 4.11053 36 4.1045 6368 4.09625 10066 4.09111 2564 4.08666 
411 4.49245 9893 4.4477 11322 4.35584 3066 4.35211 6963 4.34745 10787 4.33816 986 4.32044 15968 4.31912 6466 4.31609 16974 4.31313 
16365 5.52714 17715 5.50397 6368 5.50026 8673 5.49806 1614 5.47974 1891 5.4558 2711 5.44873 3349 5.44782 15528 5.43985 1825 5.43581 
16071 4.62529 9804 4.603 14776 4.59928 90 4.58127 1891 4.57104 10066 4.55946 10459 4.54408 16365 4.52514 6989 4.51451 3304 4.51432 
1891 4.65901 16365 4.63541 6368 4.60416 8673 4.59889 1614 4.58346 14776 4.5602 90 4.55424 17214 4.55316 17619 4.55264 16765 4.53891 
3066 4.72364 9893 4.66948 6368 4.66825 8673 4.66765 3349 4.66625 15528 4.66615 1614 4.64983 411 4.64755 16365 4.62826 11322 4.62537 
1891 4.92265 9510 4.8848 17619 4.83254 6368 4.82982 8673 4.82789 16365 4.82725 13459 4.8256 8786 4.81662 1614 4.80892 16765 4.79512 
6368 5.33125 8673 5.32202 1614 5.31476 309 5.30954 16365 5.30424 231 5.23383 5710 5.23162 14067 5.22411 9804 5.2189 7152 5.20666 
9893 4.89083 7098 4.71366 8135 4.69642 9140 4.6947 11322 4.67838 15450 4.66394 6055 4.6638 15789 4.64443 16870 4.63712 4056 4.63646 
6368 4.70823 16365 4.70348 8673 4.70187 1614 4.6928 309 4.64688 14067 4.59962 3349 4.5928 1891 4.54268 17214 4.54258 11406 4.53812 
1891 4.04256 6368 4.04249 8673 4.04094 8786 4.0391 16365 4.02883 1614 4.0265 9510 3.98667 309 3.96307 17619 3.95565 3349 3.95299 
6741 4.34889 14274 4.25181 5408 4.25044 4059 4.24709 6344 4.2444 9876 4.24085 4877 4.23357 9822 4.22905 12058 4.22106 17329 4.21786 
3066 4.70518 10925 4.63725 5549 4.63207 16365 4.62907 6368 4.6157 17715 4.61489 8673 4.61394 3349 4.59891 12228 4.59674 1614 4.59553 
3066 4.75849 16365 4.72439 12228 4.68657 2892 4.68064 5549 4.67156 15528 4.66893 6368 4.66793 8673 4.6649 1614 4.64628 1891 4.64099 
256 5.13141 15528 5.12597 8786 5.11852 17619 5.10389 16765 5.09552 16365 5.08371 13459 5.08131 3530 5.06211 8235 5.05939 6368 5.04358 
16765 4.07167 8786 4.06581 8235 4.06496 17619 4.05893 15057 4.05645 13459 4.03553 256 4.02748 17480 4.01956 10263 4.01388 13866 4.01367 
6368 4.93331 8673 4.92642 1614 4.91831 16365 4.90136 309 4.86385 14067 4.8245 3349 4.81745 5710 4.79215 231 4.78705 9804 4.7854 
10263 4.51073 9948 4.49329 273 4.45991 9562 4.44558 12551 4.44025 8506 4.43958 17480 4.4189 17360 4.41624 13866 4.4105 7999 4.40806 
7025 5.34228 10263 5.3311 9948 5.32934 17480 5.20115 16765 5.17804 8506 5.15004 17619 5.13816 7454 5.1288 13866 5.11995 273 5.11774 
6368 4.88844 16365 4.88702 8673 4.88413 1614 4.87235 3349 4.84088 309 4.81378 15528 4.78788 1891 4.76562 14067 4.74374 11708 4.74289 
11471 4.75646 8786 4.71251 1680 4.61985 14106 4.60293 309 4.60005 5675 4.59369 12894 4.59067 3530 4.58806 5061 4.58254 256 4.57671 
411 4.60971 9893 4.53815 15968 4.48806 11322 4.46204 986 4.43026 3066 4.42839 10206 4.42784 3683 4.41891 12414 4.40788 16476 4.39482 
16365 4.59193 6368 4.58899 8673 4.58517 1614 4.57163 3349 4.52439 7098 4.49904 9893 4.49068 15528 4.48666 5549 4.47211 309 4.46714 
9562 3.63066 9510 3.61038 1891 3.6068 7999 3.60313 10925 3.59172 6368 3.57452 8673 3.57346 1614 3.5585 17619 3.55625 16765 3.54648 
8786 3.35265 15057 3.34875 8673 3.32354 6368 3.32303 13866 3.31212 1614 3.31001 8235 3.30468 16365 3.26502 17480 3.26474 16765 3.26143 
10395 3.13223 4459 3.11736 8995 3.10426 15536 3.09308 5710 3.09206 231 3.09133 11471 3.07577 12787 3.07253 5061 3.06272 7428 3.06216 
3066 5.05736 17715 4.9365 9893 4.92792 15528 4.91407 1825 4.91276 11322 4.91024 2711 4.8945 4752 4.86635 6628 4.84337 411 4.83481 
3066 5.13194 411 5.04393 15968 5.03465 16531 5.03293 2228 5.02307 14971 4.99034 17715 4.94615 1825 4.93242 1841 4.92487 16811 4.89635 
17314 4.72876 8424 4.65831 256 4.64806 3530 4.62604 4215 4.59315 15211 4.5554 5799 4.54683 12516 4.54491 9241 4.54431 14375 4.52752 
15528 5.59968 256 5.51912 8786 5.51698 3530 5.48235 17480 5.47414 8235 5.47274 8673 5.46162 6368 5.45866 309 5.45167 1614 5.4376 
256 4.47676 5061 4.45312 8852 4.44474 3530 4.43874 309 4.43798 13812 4.43189 5710 4.43012 231 4.42369 8786 4.41298 3577 4.39325 
3066 5.30901 9893 5.28776 11322 5.22202 7098 5.18039 3349 5.16271 15528 5.16133 10925 5.1589 8135 5.15373 9140 5.14995 8673 5.14361 
7152 4.7345 14964 4.69046 9670 4.67726 16371 4.66511 15367 4.65455 16901 4.6545 6556 4.62969 9241 4.56499 231 4.55937 5710 4.54162 
4237 4.60068 17411 4.59248 2466 4.5498 7339 4.54962 16684 4.52361 9069 4.49187 17619 4.44172 17715 4.43858 5549 4.42092 13459 4.41062 
9893 4.25768 3066 4.21808 15968 4.21723 7098 4.18492 3349 4.16629 10925 4.1636 8135 4.16159 9140 4.15783 11322 4.15346 13231 4.15096 
9893 4.54605 7098 4.54411 6368 4.51903 3066 4.51699 8673 4.51555 8135 4.51378 9140 4.50565 16365 4.5006 1614 4.50028 3349 4.49928 
15528 5.1203 16365 5.11875 8673 5.11795 6368 5.11781 1614 5.0971 8786 5.04931 309 5.03394 3349 5.02881 1891 5.02418 5549 4.98759 
10066 3.87766 9804 3.8596 231 3.85725 5710 3.85724 14776 3.83965 6368 3.82328 5061 3.82088 16365 3.82049 8673 3.81463 1614 3.81231 
15057 3.98299 13866 3.87516 8786 3.87033 256 3.85035 12033 3.84234 3530 3.83563 12876 3.81637 5552 3.81397 8235 3.81091 15528 3.80476 
6989 4.02954 9671 3.94725 5607 3.92481 3577 3.92224 17739 3.92044 2142 3.91883 12308 3.91649 14356 3.91019 10231 3.90604 10044 3.9042 
16365 5.3394 15528 5.32783 6368 5.31397 8673 5.31056 1614 5.29494 3349 5.2664 309 5.26465 11708 5.22616 1891 5.19437 17715 5.18252 
5607 4.18119 3577 4.17405 14356 4.17301 10231 4.1662 10509 4.1638 12308 4.1585 7437 4.15669 10044 4.15184 13208 4.14622 12055 4.14594 
3066 5.17378 9893 5.14421 7098 5.12685 10925 5.10144 8135 5.09019 12228 5.08868 6368 5.08581 8673 5.08335 9140 5.08291 16365 5.07806 
3066 4.53952 13231 4.51687 10925 4.47422 411 4.46533 2886 4.42906 15500 4.42094 14140 4.41988 13180 4.41951 3326 4.41533 17715 4.39974 
16365 4.70997 1891 4.69472 6368 4.66673 8673 4.65797 1614 4.64958 309 4.61606 5549 4.61599 17214 4.60142 17619 4.5887 13459 4.58004 
14894 4.2676 9185 4.18919 2257 4.17198 17219 4.16614 15057 4.14087 12427 4.13951 7435 4.1387 10183 4.1342 15955 4.13127 10335 4.12351 
8786 5.00602 15057 4.95988 8235 4.94899 256 4.92263 3530 4.88715 6368 4.88539 8673 4.8839 1614 4.86509 16365 4.84352 309 4.84293 
14776 4.24068 9804 4.23601 10066 4.2303 90 4.21292 6368 4.21236 8673 4.20289 1614 4.19757 1891 4.19296 16365 4.18371 17214 4.15279 
7152 4.89226 231 4.87657 5710 4.87283 5061 4.85674 309 4.8537 15425 4.82505 16371 4.82005 6368 4.81891 9670 4.81549 3675 4.81507 
16365 4.91405 6368 4.90921 8673 4.90675 15528 4.90428 309 4.90219 8786 4.89658 1614 4.89097 256 4.85473 17619 4.85331 13459 4.83894 
7152 4.63847 16371 4.63146 14964 4.61445 9670 4.60289 16901 4.59859 15367 4.58701 6368 4.57411 8673 4.56792 6556 4.56416 1614 4.56017 
6741 4.98426 4877 4.89182 4059 4.88538 17123 4.88031 1874 4.87473 9876 4.86918 5408 4.86254 6344 4.86198 2705 4.86048 9822 4.85856 
256 4.35272 16765 4.35038 17619 4.34944 13459 4.3192 15057 4.31917 8786 4.31426 13866 4.29412 8235 4.29121 3530 4.28617 7454 4.26911 
6664 4.57585 13468 4.55826 14894 4.54333 7465 4.48929 9185 4.487 9983 4.4765 10112 4.47545 14732 4.46127 12427 4.45152 8726 4.44817 
16365 4.35847 1891 4.35811 6368 4.3337 8673 4.32868 1614 4.31512 14776 4.29524 90 4.28518 8786 4.27517 9804 4.26793 309 4.265 
8786 4.48342 1891 4.41958 8235 4.3888 6368 4.38654 8673 4.3831 1614 4.36887 547 4.36223 16365 4.36195 3292 4.36169 17739 4.35129 
8786 4.44936 8235 4.39614 15057 4.37962 1680 4.31822 3530 4.3156 256 4.31421 15528 4.29761 547 4.28821 12033 4.28666 5799 4.26463 
8786 4.85605 16365 4.83614 1891 4.79192 309 4.78944 256 4.78531 6368 4.77496 8673 4.76954 1614 4.75793 15528 4.71023 11708 4.69391 
6368 4.77297 8673 4.76907 16365 4.7564 1614 4.75395 3349 4.72103 1891 4.70148 5549 4.6622 17214 4.65373 17619 4.65193 15528 4.64129 
411 4.79868 16974 4.79194 17695 4.73194 9555 4.68917 12435 4.68546 6466 4.68488 17273 4.67678 12414 4.66376 16812 4.64873 6076 4.62829 
4237 3.88375 17411 3.87286 256 3.83494 7339 3.82573 2466 3.81528 16684 3.78857 3530 3.77997 8786 3.77364 9069 3.76197 17619 3.76196 
16365 5.5026 6368 5.43824 8673 5.43357 1891 5.41695 1614 5.41639 5549 5.3841 309 5.35954 15528 5.35312 3349 5.33392 12228 5.31363 
16365 4.33447 1891 4.31074 6368 4.3046 8673 4.29953 1614 4.28591 5549 4.27651 17214 4.23913 10925 4.22958 3349 4.2293 12228 4.22763 
140 4.49599 5607 4.47476 12308 4.46542 3577 4.46213 5710 4.45992 5061 4.44962 10509 4.44859 2864 4.44709 14356 4.44478 9650 4.44397 
6741 4.14013 14274 4.06251 4059 4.05834 6344 4.05261 5408 4.05125 4877 4.05091 9876 4.04495 9822 4.03934 17329 4.03793 2705 4.0378 
3066 4.69558 2892 4.60979 2987 4.6059 5549 4.59313 15500 4.58296 1057 4.58248 10994 4.58087 12228 4.57806 3595 4.5721 11563 4.57156 
6368 4.63972 8673 4.63924 1614 4.62214 16365 4.56427 8786 4.54476 309 4.53432 14067 4.50927 3349 4.50533 15528 4.50448 8235 4.48444 
6368 4.66634 8673 4.65744 1614 4.65204 15789 4.63898 16365 4.61297 3349 4.59206 14067 4.57945 10066 4.57826 17214 4.57506 11406 4.53414 
8786 4.54418 309 4.49932 6368 4.49592 16365 4.49141 8673 4.49112 1614 4.47863 15057 4.47245 256 4.46793 14776 4.44625 5710 4.43953 
6368 4.62111 8673 4.61521 1614 4.6063 7152 4.57611 309 4.5642 231 4.55847 5710 4.55771 16365 4.54834 5061 4.53878 9804 4.52645 
16365 4.7843 6368 4.71484 8673 4.70717 1614 4.69887 309 4.67479 1891 4.66493 5549 4.66049 3349 4.63119 10066 4.63059 16870 4.63013 
8673 3.86576 6368 3.86564 1614 3.85115 15528 3.84654 3349 3.84111 9893 3.81342 16365 3.79941 9562 3.78167 3938 3.77107 309 3.76328 
8786 5.60227 17739 5.57868 11471 5.55592 5710 5.4763 5061 5.4699 11379 5.45351 7639 5.45326 309 5.45191 231 5.45148 11375 5.4514 
5710 4.33161 9804 4.32547 231 4.32436 16365 4.31042 14776 4.30727 5061 4.29486 15425 4.27188 10066 4.26995 90 4.26921 3675 4.26104 
6368 4.25411 8673 4.25231 1614 4.23726 12696 4.1881 16365 4.18732 3349 4.1616 1891 4.14285 14067 4.13705 1379 4.12584 17214 4.12403 
6368 3.56438 8673 3.56256 16365 3.55981 1614 3.54907 3349 3.5254 1891 3.5254 10925 3.50776 17619 3.50381 5549 3.50289 3066 3.49358 
16365 4.66465 1891 4.63658 6368 4.6165 8673 4.61144 1614 4.59872 8786 4.5907 309 4.57764 14776 4.54381 5549 4.53643 90 4.52822 
17739 4.50361 9253 4.33289 10614 4.30156 11375 4.272 2233 4.26337 15220 4.25444 7639 4.25 4001 4.24766 9835 4.2384 14412 4.23562 
309 4.35901 16365 4.35671 5710 4.33839 231 4.32213 5061 4.32093 6368 4.28945 15425 4.2875 8673 4.28216 8786 4.28041 1614 4.27564 
1891 4.28451 9510 4.21177 5549 4.20516 11563 4.16423 10925 4.15087 1057 4.14045 2987 4.13721 16071 4.13459 10459 4.12874 17214 4.12393 
7098 4.95559 16870 4.9359 14563 4.92907 9140 4.91938 8135 4.91923 15450 4.91131 3887 4.90991 8049 4.9005 10790 4.88861 1553 4.88216 
411 4.41709 10925 4.26603 17175 4.26484 3066 4.26467 6292 4.23793 15500 4.23488 9562 4.22362 986 4.21825 17178 4.21499 14436 4.20452 
